round,traffic,filter_mode,source_file,window_id,window_start,window_end,true_label,predicted_label,correct
R5,full,raw_all,/home/lmy/iot-device-classification/dataset/camera/round5_positionB/camera_r5.pcapng,0,0.0,6.711289167404175,Camera,Camera,True
R5,full,raw_all,/home/lmy/iot-device-classification/dataset/camera/round5_positionB/camera_r5.pcapng,1,10.02264165878296,17.94810438156128,Camera,Camera,True
R5,full,raw_all,/home/lmy/iot-device-classification/dataset/camera/round5_positionB/camera_r5.pcapng,2,20.01980447769165,26.45357632637024,Camera,Camera,True
R5,full,raw_all,/home/lmy/iot-device-classification/dataset/camera/round5_positionB/camera_r5.pcapng,3,30.029834747314453,37.05177640914917,Camera,Camera,True
R5,full,raw_all,/home/lmy/iot-device-classification/dataset/camera/round5_positionB/camera_r5.pcapng,4,40.03976130485535,43.04524087905884,Camera,Camera,True
R5,full,raw_all,/home/lmy/iot-device-classification/dataset/camera/round5_positionB/camera_r5.pcapng,5,50.0502986907959,56.44355273246765,Camera,Camera,True
R5,full,raw_all,/home/lmy/iot-device-classification/dataset/camera/round5_positionB/camera_r5.pcapng,6,60.05955481529236,69.47195148468018,Camera,Camera,True
R5,full,raw_all,/home/lmy/iot-device-classification/dataset/camera/round5_positionB/camera_r5.pcapng,7,70.06965160369873,79.87277746200562,Camera,Camera,True
R5,full,raw_all,/home/lmy/iot-device-classification/dataset/camera/round5_positionB/camera_r5.pcapng,8,80.08027267456055,87.21238589286804,Camera,Camera,True
R5,full,raw_all,/home/lmy/iot-device-classification/dataset/camera/round5_positionB/camera_r5.pcapng,9,90.09031128883362,93.34713196754456,Camera,Camera,True
R5,full,raw_all,/home/lmy/iot-device-classification/dataset/camera/round5_positionB/camera_r5.pcapng,10,100.1002767086029,106.42746996879578,Camera,Camera,True
R5,full,raw_all,/home/lmy/iot-device-classification/dataset/camera/round5_positionB/camera_r5.pcapng,11,110.10974431037904,115.22112488746644,Camera,Camera,True
R5,full,raw_all,/home/lmy/iot-device-classification/dataset/camera/round5_positionB/camera_r5.pcapng,12,120.11993169784546,129.78872632980347,Camera,Light_XM,False
R5,full,raw_all,/home/lmy/iot-device-classification/dataset/camera/round5_positionB/camera_r5.pcapng,13,130.1292176246643,133.37274384498596,Camera,Camera,True
R5,full,raw_all,/home/lmy/iot-device-classification/dataset/camera/round5_positionB/camera_r5.pcapng,14,140.14037799835205,147.70082187652588,Camera,Camera,True
R5,full,raw_all,/home/lmy/iot-device-classification/dataset/camera/round5_positionB/camera_r5.pcapng,15,150.14930367469788,153.53318667411804,Camera,Camera,True
R5,full,raw_all,/home/lmy/iot-device-classification/dataset/camera/round5_positionB/camera_r5.pcapng,16,160.16053771972656,168.8936688899994,Camera,Camera,True
R5,full,raw_all,/home/lmy/iot-device-classification/dataset/camera/round5_positionB/camera_r5.pcapng,17,170.1700360774994,176.90103149414062,Camera,Camera,True
R5,full,raw_all,/home/lmy/iot-device-classification/dataset/camera/round5_positionB/camera_r5.pcapng,18,180.1794595718384,183.6700043678284,Camera,Camera,True
R5,full,raw_all,/home/lmy/iot-device-classification/dataset/camera/round5_positionB/camera_r5.pcapng,19,190.10937333106995,198.01108121871948,Camera,Camera,True
R5,full,raw_all,/home/lmy/iot-device-classification/dataset/camera/round5_positionB/camera_r5.pcapng,20,200.1999840736389,203.86084270477292,Camera,Camera,True
R5,full,raw_all,/home/lmy/iot-device-classification/dataset/camera/round5_positionB/camera_r5.pcapng,21,210.2092432975769,214.68676280975345,Camera,Camera,True
R5,full,raw_all,/home/lmy/iot-device-classification/dataset/camera/round5_positionB/camera_r5.pcapng,22,220.219624042511,223.93795728683472,Camera,Camera,True
R5,full,raw_all,/home/lmy/iot-device-classification/dataset/camera/round5_positionB/camera_r5.pcapng,23,230.22903490066528,237.83070874214167,Camera,Camera,True
R5,full,raw_all,/home/lmy/iot-device-classification/dataset/camera/round5_positionB/camera_r5.pcapng,24,240.2388563156128,248.4097180366516,Camera,Camera,True
R5,full,raw_all,/home/lmy/iot-device-classification/dataset/camera/round5_positionB/camera_r5.pcapng,25,250.24875473976132,257.2173845767975,Camera,Camera,True
R5,full,raw_all,/home/lmy/iot-device-classification/dataset/camera/round5_positionB/camera_r5.pcapng,26,260.25918102264404,266.4305908679962,Camera,Camera,True
R5,full,raw_all,/home/lmy/iot-device-classification/dataset/camera/round5_positionB/camera_r5.pcapng,27,270.2692623138428,274.37024307250977,Camera,Camera,True
R5,full,raw_all,/home/lmy/iot-device-classification/dataset/camera/round5_positionB/camera_r5.pcapng,28,280.2788600921631,286.50443148612976,Camera,Camera,True
R5,full,raw_all,/home/lmy/iot-device-classification/dataset/camera/round5_positionB/camera_r5.pcapng,29,290.2885844707489,299.4519762992859,Camera,Camera,True
R5,full,raw_all,/home/lmy/iot-device-classification/dataset/camera/round5_positionB/camera_r5.pcapng,30,300.2990550994873,304.4184331893921,Camera,Camera,True
R5,full,raw_all,/home/lmy/iot-device-classification/dataset/camera/round5_positionB/camera_r5.pcapng,31,310.3093295097351,314.48627734184265,Camera,Camera,True
R5,full,raw_all,/home/lmy/iot-device-classification/dataset/camera/round5_positionB/camera_r5.pcapng,32,320.3209388256073,326.4602417945862,Camera,Camera,True
R5,full,raw_all,/home/lmy/iot-device-classification/dataset/camera/round5_positionB/camera_r5.pcapng,33,330.3283324241638,334.5599834918976,Camera,Camera,True
R5,full,raw_all,/home/lmy/iot-device-classification/dataset/camera/round5_positionB/camera_r5.pcapng,34,340.3397843837738,344.67729330062866,Camera,Camera,True
R5,full,raw_all,/home/lmy/iot-device-classification/dataset/camera/round5_positionB/camera_r5.pcapng,35,350.3480348587036,359.8866364955902,Camera,Camera,True
R5,full,raw_all,/home/lmy/iot-device-classification/dataset/camera/round5_positionB/camera_r5.pcapng,36,360.43326330184937,364.76312041282654,Camera,Camera,True
R5,full,raw_all,/home/lmy/iot-device-classification/dataset/camera/round5_positionB/camera_r5.pcapng,37,370.3680875301361,376.5035111904144,Camera,Camera,True
R5,full,raw_all,/home/lmy/iot-device-classification/dataset/camera/round5_positionB/camera_r5.pcapng,38,380.3783755302429,386.4304893016815,Camera,Camera,True
R5,full,raw_all,/home/lmy/iot-device-classification/dataset/camera/round5_positionB/camera_r5.pcapng,39,390.3878939151764,399.20782589912415,Camera,Camera,True
R5,full,raw_all,/home/lmy/iot-device-classification/dataset/camera/round5_positionB/camera_r5.pcapng,40,400.3984541893005,405.0118622779846,Camera,Camera,True
R5,full,raw_all,/home/lmy/iot-device-classification/dataset/camera/round5_positionB/camera_r5.pcapng,41,410.4081196784973,417.35424637794495,Camera,Camera,True
R5,full,raw_all,/home/lmy/iot-device-classification/dataset/camera/round5_positionB/camera_r5.pcapng,42,420.41806173324585,425.1301612854004,Camera,Camera,True
R5,full,raw_all,/home/lmy/iot-device-classification/dataset/camera/round5_positionB/camera_r5.pcapng,43,430.42804479599,439.4485478401184,Camera,Camera,True
R5,full,raw_all,/home/lmy/iot-device-classification/dataset/camera/round5_positionB/camera_r5.pcapng,44,440.438823223114,445.2754259109497,Camera,Camera,True
R5,full,raw_all,/home/lmy/iot-device-classification/dataset/camera/round5_positionB/camera_r5.pcapng,45,450.4486870765686,455.2979004383087,Camera,Camera,True
R5,full,raw_all,/home/lmy/iot-device-classification/dataset/camera/round5_positionB/camera_r5.pcapng,46,460.45777010917664,468.9059393405914,Camera,Camera,True
R5,full,raw_all,/home/lmy/iot-device-classification/dataset/camera/round5_positionB/camera_r5.pcapng,47,470.4079563617706,477.7095875740051,Camera,Camera,True
R5,full,raw_all,/home/lmy/iot-device-classification/dataset/camera/round5_positionB/camera_r5.pcapng,48,480.4784564971924,485.5368905067444,Camera,Camera,True
R5,full,raw_all,/home/lmy/iot-device-classification/dataset/camera/round5_positionB/camera_r5.pcapng,49,490.4876027107239,495.6969168186188,Camera,Camera,True
R5,full,raw_all,/home/lmy/iot-device-classification/dataset/camera/round5_positionB/camera_r5.pcapng,50,500.49851727485657,509.9290511608124,Camera,Camera,True
R5,full,raw_all,/home/lmy/iot-device-classification/dataset/camera/round5_positionB/camera_r5.pcapng,51,510.5079667568207,515.8276331424713,Camera,Camera,True
R5,full,raw_all,/home/lmy/iot-device-classification/dataset/camera/round5_positionB/camera_r5.pcapng,52,520.5182838439941,525.6986036300659,Camera,Camera,True
R5,full,raw_all,/home/lmy/iot-device-classification/dataset/camera/round5_positionB/camera_r5.pcapng,53,530.5282878875732,538.1983728408813,Camera,Camera,True
R5,full,raw_all,/home/lmy/iot-device-classification/dataset/camera/round5_positionB/camera_r5.pcapng,54,540.5380656719208,545.8522231578827,Camera,Camera,True
R5,full,raw_all,/home/lmy/iot-device-classification/dataset/camera/round5_positionB/camera_r5.pcapng,55,550.5477616786957,556.508805513382,Camera,Camera,True
R5,full,raw_all,/home/lmy/iot-device-classification/dataset/camera/round5_positionB/camera_r5.pcapng,56,560.5577836036682,566.0508337020874,Camera,Camera,True
R5,full,raw_all,/home/lmy/iot-device-classification/dataset/camera/round5_positionB/camera_r5.pcapng,57,570.5672628879547,576.0644977092743,Camera,Camera,True
R5,full,raw_all,/home/lmy/iot-device-classification/dataset/camera/round5_positionB/camera_r5.pcapng,58,580.3282814025879,586.1344063282013,Camera,Camera,True
R5,full,raw_all,/home/lmy/iot-device-classification/dataset/camera/round5_positionB/camera_r5.pcapng,59,590.5883588790894,598.6180675029755,Camera,Camera,True
R5,full,raw_all,/home/lmy/iot-device-classification/dataset/camera/round5_positionB/camera_r5.pcapng,60,600.5977213382721,609.9474568367004,Camera,Camera,True
R5,full,raw_all,/home/lmy/iot-device-classification/dataset/camera/round5_positionB/camera_r5.pcapng,61,610.6076889038086,618.1331667900085,Camera,Camera,True
R5,full,raw_all,/home/lmy/iot-device-classification/dataset/camera/round5_positionB/camera_r5.pcapng,62,620.6180756092072,626.7155363559723,Camera,Camera,True
R5,full,raw_all,/home/lmy/iot-device-classification/dataset/camera/round5_positionB/camera_r5.pcapng,63,630.63050532341,636.4155232906342,Camera,Camera,True
R5,full,raw_all,/home/lmy/iot-device-classification/dataset/camera/round5_positionB/camera_r5.pcapng,64,640.638129234314,646.5332033634186,Camera,Camera,True
R5,full,raw_all,/home/lmy/iot-device-classification/dataset/camera/round5_positionB/camera_r5.pcapng,65,650.6483960151672,659.0664200782776,Camera,Camera,True
R5,full,raw_all,/home/lmy/iot-device-classification/dataset/camera/round5_positionB/camera_r5.pcapng,66,660.6584224700928,666.6599404811859,Camera,Camera,True
R5,full,raw_all,/home/lmy/iot-device-classification/dataset/camera/round5_positionB/camera_r5.pcapng,67,670.6681971549988,676.7334318161011,Camera,Camera,True
R5,full,raw_all,/home/lmy/iot-device-classification/dataset/camera/round5_positionB/camera_r5.pcapng,68,680.6788535118103,686.731987953186,Camera,Camera,True
R5,full,raw_all,/home/lmy/iot-device-classification/dataset/camera/round5_positionB/camera_r5.pcapng,69,690.6880540847778,696.8230216503143,Camera,Camera,True
R5,full,raw_all,/home/lmy/iot-device-classification/dataset/camera/round5_positionB/camera_r5.pcapng,70,700.6979348659515,706.9031655788422,Camera,Camera,True
R5,full,raw_all,/home/lmy/iot-device-classification/dataset/camera/round5_positionB/camera_r5.pcapng,71,710.708327293396,719.452342748642,Camera,Camera,True
R5,full,raw_all,/home/lmy/iot-device-classification/dataset/camera/round5_positionB/camera_r5.pcapng,72,720.7193896770477,726.9558885097504,Camera,Camera,True
R5,full,raw_all,/home/lmy/iot-device-classification/dataset/camera/round5_positionB/camera_r5.pcapng,73,730.7283852100372,737.4467871189117,Camera,Camera,True
R5,full,raw_all,/home/lmy/iot-device-classification/dataset/camera/round5_positionB/camera_r5.pcapng,74,740.7381041049957,747.091739654541,Camera,Camera,True
R5,full,raw_all,/home/lmy/iot-device-classification/dataset/camera/round5_positionB/camera_r5.pcapng,75,750.7483584880829,757.1937048435211,Camera,Camera,True
R5,full,raw_all,/home/lmy/iot-device-classification/dataset/camera/round5_positionB/camera_r5.pcapng,76,760.75798869133,768.8859028816223,Camera,Camera,True
R5,full,raw_all,/home/lmy/iot-device-classification/dataset/camera/round5_positionB/camera_r5.pcapng,77,770.7680327892303,779.8651509284973,Camera,Camera,True
R5,full,raw_all,/home/lmy/iot-device-classification/dataset/camera/round5_positionB/camera_r5.pcapng,78,780.777932882309,787.3163740634918,Camera,Light_T1,False
R5,full,raw_all,/home/lmy/iot-device-classification/dataset/camera/round5_positionB/camera_r5.pcapng,79,790.7877109050751,799.0455856323242,Camera,Camera,True
R5,full,raw_all,/home/lmy/iot-device-classification/dataset/camera/round5_positionB/camera_r5.pcapng,80,800.7985928058624,807.4707763195038,Camera,Camera,True
R5,full,raw_all,/home/lmy/iot-device-classification/dataset/camera/round5_positionB/camera_r5.pcapng,81,810.8080229759216,817.5542647838593,Camera,Camera,True
R5,full,raw_all,/home/lmy/iot-device-classification/dataset/camera/round5_positionB/camera_r5.pcapng,82,820.8183674812317,827.7068333625793,Camera,Camera,True
R5,full,raw_all,/home/lmy/iot-device-classification/dataset/camera/round5_positionB/camera_r5.pcapng,83,830.8281056880951,838.2545714378357,Camera,Camera,True
R5,full,raw_all,/home/lmy/iot-device-classification/dataset/camera/round5_positionB/camera_r5.pcapng,84,840.2678127288818,847.7297902107239,Camera,Camera,True
R5,full,raw_all,/home/lmy/iot-device-classification/dataset/camera/round5_positionB/camera_r5.pcapng,85,850.8484952449799,859.7719123363495,Camera,Camera,True
R5,full,raw_all,/home/lmy/iot-device-classification/dataset/camera/round5_positionB/camera_r5.pcapng,86,860.8580791950226,867.8236610889435,Camera,Camera,True
R5,full,raw_all,/home/lmy/iot-device-classification/dataset/camera/round5_positionB/camera_r5.pcapng,87,870.868724822998,877.9341433048248,Camera,Camera,True
R5,full,raw_all,/home/lmy/iot-device-classification/dataset/camera/round5_positionB/camera_r5.pcapng,88,880.8786633014679,888.0151755809784,Camera,Camera,True
R5,full,raw_all,/home/lmy/iot-device-classification/dataset/camera/round5_positionB/camera_r5.pcapng,89,890.8882324695587,898.6920731067657,Camera,Camera,True
R5,full,raw_all,/home/lmy/iot-device-classification/dataset/camera/round5_positionB/camera_r5.pcapng,90,900.6993656158447,908.1326169967653,Camera,Camera,True
R5,full,raw_all,/home/lmy/iot-device-classification/dataset/camera/round5_positionB/camera_r5.pcapng,91,910.9081320762634,918.2744030952454,Camera,Camera,True
R5,full,raw_all,/home/lmy/iot-device-classification/dataset/camera/round5_positionB/camera_r5.pcapng,92,920.2471227645874,928.2367491722108,Camera,Camera,True
R5,full,raw_all,/home/lmy/iot-device-classification/dataset/camera/round5_positionB/camera_r5.pcapng,93,930.9282593727112,938.7528088092804,Camera,Camera,True
R5,full,raw_all,/home/lmy/iot-device-classification/dataset/camera/round5_positionB/camera_r5.pcapng,94,940.938758134842,948.4151656627656,Camera,Camera,True
R5,full,raw_all,/home/lmy/iot-device-classification/dataset/camera/round5_positionB/camera_r5.pcapng,95,950.9488384723664,959.113090276718,Camera,Camera,True
R5,full,raw_all,/home/lmy/iot-device-classification/dataset/camera/round5_positionB/camera_r5.pcapng,96,960.9584515094756,969.5318639278412,Camera,Camera,True
R5,full,raw_all,/home/lmy/iot-device-classification/dataset/camera/round5_positionB/camera_r5.pcapng,97,970.9682619571686,978.5749261379242,Camera,Light_XM,False
R5,full,raw_all,/home/lmy/iot-device-classification/dataset/camera/round5_positionB/camera_r5.pcapng,98,980.9781224727632,988.6428050994872,Camera,Camera,True
R5,full,raw_all,/home/lmy/iot-device-classification/dataset/camera/round5_positionB/camera_r5.pcapng,99,990.9886960983276,998.594517469406,Camera,Camera,True
R5,full,raw_all,/home/lmy/iot-device-classification/dataset/camera/round5_positionB/camera_r5.pcapng,100,1000.9982976913452,1008.7009320259094,Camera,Camera,True
R5,full,raw_all,/home/lmy/iot-device-classification/dataset/camera/round5_positionB/camera_r5.pcapng,101,1011.0084438323976,1019.570468902588,Camera,Camera,True
R5,full,raw_all,/home/lmy/iot-device-classification/dataset/camera/round5_positionB/camera_r5.pcapng,102,1020.785594701767,1028.8049776554108,Camera,Camera,True
R5,full,raw_all,/home/lmy/iot-device-classification/dataset/camera/round5_positionB/camera_r5.pcapng,103,1031.0275676250458,1038.8838076591492,Camera,Camera,True
R5,full,raw_all,/home/lmy/iot-device-classification/dataset/camera/round5_positionB/camera_r5.pcapng,104,1041.0404934883118,1049.4128971099854,Camera,Camera,True
R5,full,raw_all,/home/lmy/iot-device-classification/dataset/camera/round5_positionB/camera_r5.pcapng,105,1050.2457168102264,1059.0636785030365,Camera,Camera,True
R5,full,raw_all,/home/lmy/iot-device-classification/dataset/camera/round5_positionB/camera_r5.pcapng,106,1061.0584592819214,1069.1128294467926,Camera,Camera,True
R5,full,raw_all,/home/lmy/iot-device-classification/dataset/camera/round5_positionB/camera_r5.pcapng,107,1071.0688216686249,1079.972368001938,Camera,Camera,True
R5,full,raw_all,/home/lmy/iot-device-classification/dataset/camera/round5_positionB/camera_r5.pcapng,108,1081.0784056186676,1089.235913991928,Camera,Camera,True
R5,full,raw_all,/home/lmy/iot-device-classification/dataset/camera/round5_positionB/camera_r5.pcapng,109,1091.0889611244202,1099.3350732326508,Camera,Camera,True
R5,full,raw_all,/home/lmy/iot-device-classification/dataset/camera/round5_positionB/camera_r5.pcapng,110,1101.098520278931,1109.4335219860077,Camera,Camera,True
R5,full,raw_all,/home/lmy/iot-device-classification/dataset/camera/round5_positionB/camera_r5.pcapng,111,1111.1090607643127,1119.403661966324,Camera,Camera,True
R5,full,raw_all,/home/lmy/iot-device-classification/dataset/camera/round5_positionB/camera_r5.pcapng,112,1121.120761871338,1129.4553544521332,Camera,Camera,True
R5,full,raw_all,/home/lmy/iot-device-classification/dataset/camera/round5_positionB/camera_r5.pcapng,113,1131.1290218830109,1139.631237268448,Camera,Camera,True
R5,full,raw_all,/home/lmy/iot-device-classification/dataset/camera/round5_positionB/camera_r5.pcapng,114,1140.346619129181,1149.6761729717257,Camera,Camera,True
R5,full,raw_all,/home/lmy/iot-device-classification/dataset/camera/round5_positionB/camera_r5.pcapng,115,1151.1492235660553,1159.9711163043976,Camera,Camera,True
R5,full,raw_all,/home/lmy/iot-device-classification/dataset/camera/round5_positionB/camera_r5.pcapng,116,1160.0215728282928,1169.8237466812134,Camera,Camera,True
R5,full,raw_all,/home/lmy/iot-device-classification/dataset/camera/round5_positionB/camera_r5.pcapng,117,1171.168713092804,1179.7618997097015,Camera,Camera,True
R5,full,raw_all,/home/lmy/iot-device-classification/dataset/camera/round5_positionB/camera_r5.pcapng,118,1181.1790466308594,1189.9351596832275,Camera,Camera,True
R5,full,raw_all,/home/lmy/iot-device-classification/dataset/camera/round5_positionB/camera_r5.pcapng,119,1191.191972732544,1199.905902147293,Camera,Camera,True
R5,full,raw_all,/home/lmy/iot-device-classification/dataset/camera/round5_positionB/camera_r5.pcapng,120,1200.7468206882477,1209.9434297084808,Camera,Camera,True
R5,full,raw_all,/home/lmy/iot-device-classification/dataset/camera/round5_positionB/camera_r5.pcapng,121,1211.2087087631226,1219.9704802036283,Camera,Camera,True
R5,full,raw_all,/home/lmy/iot-device-classification/dataset/camera/round5_positionB/camera_r5.pcapng,122,1220.0181725025177,1229.537256717682,Camera,Camera,True
R5,full,raw_all,/home/lmy/iot-device-classification/dataset/camera/round5_positionB/camera_r5.pcapng,123,1230.0161392688751,1239.3837060928345,Camera,Camera,True
R5,full,raw_all,/home/lmy/iot-device-classification/dataset/camera/round5_positionB/camera_r5.pcapng,124,1240.037861585617,1249.4316954612732,Camera,Camera,True
R5,full,raw_all,/home/lmy/iot-device-classification/dataset/camera/round5_positionB/camera_r5.pcapng,125,1250.1173822879791,1259.5109028816223,Camera,Camera,True
R5,full,raw_all,/home/lmy/iot-device-classification/dataset/camera/round5_positionB/camera_r5.pcapng,126,1260.1372020244598,1269.5712192058563,Camera,Camera,True
R5,full,raw_all,/home/lmy/iot-device-classification/dataset/camera/round5_positionB/camera_r5.pcapng,127,1270.198306798935,1277.5159192085266,Camera,Camera,True
R5,full,raw_all,/home/lmy/iot-device-classification/dataset/camera/round5_positionB/camera_r5.pcapng,128,1280.276710510254,1289.7079083919523,Camera,Camera,True
R5,full,raw_all,/home/lmy/iot-device-classification/dataset/camera/round5_positionB/camera_r5.pcapng,129,1290.3667476177216,1299.7494039535522,Camera,Camera,True
R5,full,raw_all,/home/lmy/iot-device-classification/dataset/camera/round5_positionB/camera_r5.pcapng,130,1300.50071144104,1309.811056137085,Camera,Camera,True
R5,full,raw_all,/home/lmy/iot-device-classification/dataset/camera/round5_positionB/camera_r5.pcapng,131,1310.4664092063904,1319.869157075882,Camera,Camera,True
R5,full,raw_all,/home/lmy/iot-device-classification/dataset/camera/round5_positionB/camera_r5.pcapng,132,1320.286067485809,1329.9508435726166,Camera,Camera,True
R5,full,raw_all,/home/lmy/iot-device-classification/dataset/camera/round5_positionB/camera_r5.pcapng,133,1330.5771436691284,1338.2645885944366,Camera,Camera,True
R5,full,raw_all,/home/lmy/iot-device-classification/dataset/camera/round5_positionB/camera_r5.pcapng,134,1340.1065480709076,1346.4377460479736,Camera,Camera,True
R5,full,raw_all,/home/lmy/iot-device-classification/dataset/camera/round5_positionB/camera_r5.pcapng,135,1350.0797412395475,1355.1278007030487,Camera,Camera,True
R5,full,raw_all,/home/lmy/iot-device-classification/dataset/camera/round5_positionB/camera_r5.pcapng,136,1360.1086847782135,1368.896556377411,Camera,Camera,True
R5,full,raw_all,/home/lmy/iot-device-classification/dataset/camera/round5_positionB/camera_r5.pcapng,137,1370.1708505153656,1377.7838220596311,Camera,Camera,True
R5,full,raw_all,/home/lmy/iot-device-classification/dataset/camera/round5_positionB/camera_r5.pcapng,138,1380.7263071537018,1384.1940422058103,Camera,Camera,True
R5,full,raw_all,/home/lmy/iot-device-classification/dataset/camera/round5_positionB/camera_r5.pcapng,139,1390.2993688583374,1396.0875236988068,Camera,Camera,True
R5,full,raw_all,/home/lmy/iot-device-classification/dataset/camera/round5_positionB/camera_r5.pcapng,140,1400.3613512516022,1406.4402422904968,Camera,Camera,True
R5,full,raw_all,/home/lmy/iot-device-classification/dataset/camera/round5_positionB/camera_r5.pcapng,141,1410.4203867912292,1415.308928012848,Camera,Camera,True
R5,full,raw_all,/home/lmy/iot-device-classification/dataset/camera/round5_positionB/camera_r5.pcapng,142,1420.4940111637115,1428.612398147583,Camera,Camera,True
R5,full,raw_all,/home/lmy/iot-device-classification/dataset/camera/round5_positionB/camera_r5.pcapng,143,1430.5591893196106,1438.1068131923676,Camera,Camera,True
R5,full,raw_all,/home/lmy/iot-device-classification/dataset/camera/round5_positionB/camera_r5.pcapng,144,1441.1661813259125,1445.6075778007507,Camera,Camera,True
R5,full,raw_all,/home/lmy/iot-device-classification/dataset/camera/round5_positionB/camera_r5.pcapng,145,1450.6501004695892,1457.7493364810944,Camera,Camera,True
R5,full,raw_all,/home/lmy/iot-device-classification/dataset/camera/round5_positionB/camera_r5.pcapng,146,1461.4138050079346,1466.7781701087952,Camera,Camera,True
R5,full,raw_all,/home/lmy/iot-device-classification/dataset/camera/round5_positionB/camera_r5.pcapng,147,1470.8006103038788,1479.3194024562836,Camera,Camera,True
R5,full,raw_all,/home/lmy/iot-device-classification/dataset/camera/round5_positionB/camera_r5.pcapng,148,1480.8291296958923,1486.9658184051514,Camera,Camera,True
R5,full,raw_all,/home/lmy/iot-device-classification/dataset/camera/round5_positionB/camera_r5.pcapng,149,1490.9071652889252,1496.4183270931244,Camera,Camera,True
R5,full,raw_all,/home/lmy/iot-device-classification/dataset/camera/round5_positionB/camera_r5.pcapng,150,1500.9389460086825,1504.9815344810486,Camera,Camera,True
R5,full,raw_all,/home/lmy/iot-device-classification/dataset/camera/round5_positionB/camera_r5.pcapng,151,1511.009169101715,1518.9875555038452,Camera,Camera,True
R5,full,raw_all,/home/lmy/iot-device-classification/dataset/camera/round5_positionB/camera_r5.pcapng,152,1520.7362651824951,1529.6251475811005,Camera,Camera,True
R5,full,raw_all,/home/lmy/iot-device-classification/dataset/camera/round5_positionB/camera_r5.pcapng,153,1531.1092228889463,1536.1676745414734,Camera,Camera,True
R5,full,raw_all,/home/lmy/iot-device-classification/dataset/camera/round5_positionB/camera_r5.pcapng,154,1541.4169600009918,1546.4225859642029,Camera,Camera,True
R5,full,raw_all,/home/lmy/iot-device-classification/dataset/camera/round5_positionB/camera_r5.pcapng,155,1551.22878074646,1558.7473604679108,Camera,Camera,True
R5,full,raw_all,/home/lmy/iot-device-classification/dataset/camera/round5_positionB/camera_r5.pcapng,156,1561.2793405056,1565.3594081401825,Camera,Camera,True
R5,full,raw_all,/home/lmy/iot-device-classification/dataset/camera/round5_positionB/camera_r5.pcapng,157,1571.2332634925842,1579.5439343452454,Camera,Light_XM,False
R5,full,raw_all,/home/lmy/iot-device-classification/dataset/camera/round5_positionB/camera_r5.pcapng,158,1581.4101469516754,1586.486998319626,Camera,Camera,True
R5,full,raw_all,/home/lmy/iot-device-classification/dataset/camera/round5_positionB/camera_r5.pcapng,159,1591.513613462448,1592.8390564918518,Camera,Camera,True
R5,full,raw_all,/home/lmy/iot-device-classification/dataset/camera/round5_positionB/camera_r5.pcapng,160,1600.3457849025726,1604.2343056201937,Camera,Camera,True
R5,full,raw_all,/home/lmy/iot-device-classification/dataset/camera/round5_positionB/camera_r5.pcapng,161,1610.746099472046,1619.0662920475006,Camera,Camera,True
R5,full,raw_all,/home/lmy/iot-device-classification/dataset/camera/round5_positionB/camera_r5.pcapng,162,1621.6200330257416,1628.8074193000791,Camera,Camera,True
R5,full,raw_all,/home/lmy/iot-device-classification/dataset/camera/round5_positionB/camera_r5.pcapng,163,1631.417699098587,1636.41983127594,Camera,Camera,True
R5,full,raw_all,/home/lmy/iot-device-classification/dataset/camera/round5_positionB/camera_r5.pcapng,164,1641.6396696567535,1642.5327174663544,Camera,Camera,True
R5,full,raw_all,/home/lmy/iot-device-classification/dataset/camera/round5_positionB/camera_r5.pcapng,165,1650.2635324001312,1653.241123199463,Camera,Camera,True
R5,full,raw_all,/home/lmy/iot-device-classification/dataset/camera/round5_positionB/camera_r5.pcapng,166,1660.6642274856567,1669.0611872673037,Camera,Camera,True
R5,full,raw_all,/home/lmy/iot-device-classification/dataset/camera/round5_positionB/camera_r5.pcapng,167,1671.6700949668884,1676.4377043247223,Camera,Camera,True
R5,full,raw_all,/home/lmy/iot-device-classification/dataset/camera/round5_positionB/camera_r5.pcapng,168,1681.4568428993225,1683.189864397049,Camera,Camera,True
R5,full,raw_all,/home/lmy/iot-device-classification/dataset/camera/round5_positionB/camera_r5.pcapng,169,1691.691185951233,1693.9994931221008,Camera,Camera,True
R5,full,raw_all,/home/lmy/iot-device-classification/dataset/camera/round5_positionB/camera_r5.pcapng,170,1700.1837360858915,1706.4267899990082,Camera,Camera,True
R5,full,raw_all,/home/lmy/iot-device-classification/dataset/camera/round5_positionB/camera_r5.pcapng,171,1711.7106108665466,1717.2873244285583,Camera,Camera,True
R5,full,raw_all,/home/lmy/iot-device-classification/dataset/camera/round5_positionB/camera_r5.pcapng,172,1721.426282644272,1726.4236361980438,Camera,Camera,True
R5,full,raw_all,/home/lmy/iot-device-classification/dataset/camera/round5_positionB/camera_r5.pcapng,173,1731.730367898941,1739.708842754364,Camera,Camera,True
R5,full,raw_all,/home/lmy/iot-device-classification/dataset/camera/round5_positionB/camera_r5.pcapng,174,1741.744031906128,1746.6904451847076,Camera,Camera,True
R5,full,raw_all,/home/lmy/iot-device-classification/dataset/camera/round5_positionB/camera_r5.pcapng,175,1751.7506036758425,1754.29221534729,Camera,Light_XM,False
R5,full,raw_all,/home/lmy/iot-device-classification/dataset/camera/round5_positionB/camera_r5.pcapng,176,1760.5038433074951,1767.5257761478424,Camera,Camera,True
R5,full,raw_all,/home/lmy/iot-device-classification/dataset/camera/round5_positionB/camera_r5.pcapng,177,1771.4567606449127,1773.2263731956482,Camera,Camera,True
R5,full,raw_all,/home/lmy/iot-device-classification/dataset/camera/round5_positionB/camera_r5.pcapng,178,1781.3037214279177,1784.3044321537018,Camera,Camera,True
R5,full,raw_all,/home/lmy/iot-device-classification/dataset/camera/round5_positionB/camera_r5.pcapng,179,1791.791902065277,1793.4319596290588,Camera,Camera,True
R5,full,raw_all,/home/lmy/iot-device-classification/dataset/camera/round5_positionB/camera_r5.pcapng,180,1800.0239284038544,1807.0462675094604,Camera,Camera,True
R5,full,raw_all,/home/lmy/iot-device-classification/dataset/camera/round5_positionB/camera_r5.pcapng,181,1810.0866203308103,1818.6278660297396,Camera,Camera,True
R5,full,raw_all,/home/lmy/iot-device-classification/dataset/camera/round5_positionB/camera_r5.pcapng,182,1820.823750972748,1826.426902770996,Camera,Camera,True
R5,full,raw_all,/home/lmy/iot-device-classification/dataset/camera/round5_positionB/camera_r5.pcapng,183,1831.457589149475,1834.485825061798,Camera,Camera,True
R5,full,raw_all,/home/lmy/iot-device-classification/dataset/camera/round5_positionB/camera_r5.pcapng,184,1841.6237034797668,1844.3405013084407,Camera,Camera,True
R5,full,raw_all,/home/lmy/iot-device-classification/dataset/camera/round5_positionB/camera_r5.pcapng,185,1851.8519496917725,1856.4292104244232,Camera,Camera,True
R5,full,raw_all,/home/lmy/iot-device-classification/dataset/camera/round5_positionB/camera_r5.pcapng,186,1861.861571073532,1867.455904006958,Camera,Camera,True
R5,full,raw_all,/home/lmy/iot-device-classification/dataset/camera/round5_positionB/camera_r5.pcapng,187,1871.87127161026,1873.9233407974243,Camera,Camera,True
R5,full,raw_all,/home/lmy/iot-device-classification/dataset/camera/round5_positionB/camera_r5.pcapng,188,1881.1552557945247,1884.0170040130613,Camera,Camera,True
R5,full,raw_all,/home/lmy/iot-device-classification/dataset/camera/round5_positionB/camera_r5.pcapng,189,1891.5440247058868,1894.866052389145,Camera,Camera,True
R5,full,raw_all,/home/lmy/iot-device-classification/dataset/camera/round5_positionB/camera_r5.pcapng,190,1901.416800737381,1908.9061110019684,Camera,Camera,True
R5,full,raw_all,/home/lmy/iot-device-classification/dataset/camera/round5_positionB/camera_r5.pcapng,191,1911.9119277000427,1914.148316860199,Camera,Camera,True
R5,full,raw_all,/home/lmy/iot-device-classification/dataset/camera/round5_positionB/camera_r5.pcapng,192,1920.6643862724304,1927.886337518692,Camera,Camera,True
R5,full,raw_all,/home/lmy/iot-device-classification/dataset/camera/round5_positionB/camera_r5.pcapng,193,1931.9315185546875,1934.4726293087008,Camera,Camera,True
R5,full,raw_all,/home/lmy/iot-device-classification/dataset/camera/round5_positionB/camera_r5.pcapng,194,1941.465751886368,1948.7275865077968,Camera,Camera,True
R5,full,raw_all,/home/lmy/iot-device-classification/dataset/camera/round5_positionB/camera_r5.pcapng,195,1951.9518432617188,1955.2966153621676,Camera,Camera,True
R5,full,raw_all,/home/lmy/iot-device-classification/dataset/camera/round5_positionB/camera_r5.pcapng,196,1961.9618508815763,1968.9766376018524,Camera,Camera,True
R5,full,raw_all,/home/lmy/iot-device-classification/dataset/camera/round5_positionB/camera_r5.pcapng,197,1970.676860332489,1974.6730892658236,Camera,Camera,True
R5,full,raw_all,/home/lmy/iot-device-classification/dataset/camera/round5_positionB/camera_r5.pcapng,198,1980.9842674732208,1988.3616514205933,Camera,Camera,True
R5,full,raw_all,/home/lmy/iot-device-classification/dataset/camera/round5_positionB/camera_r5.pcapng,199,1991.496684551239,1996.500279903412,Camera,Camera,True
R5,full,raw_all,/home/lmy/iot-device-classification/dataset/camera/round5_positionB/camera_r5.pcapng,200,2002.0017132759092,2004.8926532268524,Camera,Camera,True
R5,full,raw_all,/home/lmy/iot-device-classification/dataset/camera/round5_positionB/camera_r5.pcapng,201,2012.0114295482635,2015.781006813049,Camera,Camera,True
R5,full,raw_all,/home/lmy/iot-device-classification/dataset/camera/round5_positionB/camera_r5.pcapng,202,2022.022505283356,2024.87144947052,Camera,Camera,True
R5,full,raw_all,/home/lmy/iot-device-classification/dataset/camera/round5_positionB/camera_r5.pcapng,203,2031.467033624649,2036.8069989681244,Camera,Camera,True
R5,full,raw_all,/home/lmy/iot-device-classification/dataset/camera/round5_positionB/camera_r5.pcapng,204,2041.45699095726,2048.833600759506,Camera,Camera,True
R5,full,raw_all,/home/lmy/iot-device-classification/dataset/camera/round5_positionB/camera_r5.pcapng,205,2052.0532960891724,2055.0244522094727,Camera,Camera,True
R5,full,raw_all,/home/lmy/iot-device-classification/dataset/camera/round5_positionB/camera_r5.pcapng,206,2062.0624997615814,2066.417657136917,Camera,Camera,True
R5,full,raw_all,/home/lmy/iot-device-classification/dataset/camera/round5_positionB/camera_r5.pcapng,207,2071.4607360363007,2079.446686506272,Camera,Camera,True
R5,full,raw_all,/home/lmy/iot-device-classification/dataset/camera/round5_positionB/camera_r5.pcapng,208,2081.426336288452,2085.374396085739,Camera,Camera,True
R5,full,raw_all,/home/lmy/iot-device-classification/dataset/camera/round5_positionB/camera_r5.pcapng,209,2092.0927350521088,2095.335272550583,Camera,Camera,True
R5,full,raw_all,/home/lmy/iot-device-classification/dataset/camera/round5_positionB/camera_r5.pcapng,210,2101.6265411376958,2109.1270763874054,Camera,Camera,True
R5,full,raw_all,/home/lmy/iot-device-classification/dataset/camera/round5_positionB/camera_r5.pcapng,211,2112.1126747131348,2115.60285282135,Camera,Camera,True
R5,full,raw_all,/home/lmy/iot-device-classification/dataset/camera/round5_positionB/camera_r5.pcapng,212,2120.486144065857,2126.438662290573,Camera,Camera,True
R5,full,raw_all,/home/lmy/iot-device-classification/dataset/camera/round5_positionB/camera_r5.pcapng,213,2131.4608047008514,2136.60963344574,Camera,Camera,True
R5,full,raw_all,/home/lmy/iot-device-classification/dataset/camera/round5_positionB/camera_r5.pcapng,214,2142.1431562900543,2145.660756349564,Camera,Camera,True
R5,full,raw_all,/home/lmy/iot-device-classification/dataset/camera/round5_positionB/camera_r5.pcapng,215,2152.1521351337437,2155.740795612335,Camera,Camera,True
R5,full,raw_all,/home/lmy/iot-device-classification/dataset/camera/round5_positionB/camera_r5.pcapng,216,2162.1626563072205,2169.608174800873,Camera,Camera,True
R5,full,raw_all,/home/lmy/iot-device-classification/dataset/camera/round5_positionB/camera_r5.pcapng,217,2170.0860788822174,2176.4194791316986,Camera,Camera,True
R5,full,raw_all,/home/lmy/iot-device-classification/dataset/camera/round5_positionB/camera_r5.pcapng,218,2182.1824235916138,2189.803500652313,Camera,Camera,True
R5,full,raw_all,/home/lmy/iot-device-classification/dataset/camera/round5_positionB/camera_r5.pcapng,219,2192.192006349564,2197.020764350891,Camera,Camera,True
R5,full,raw_all,/home/lmy/iot-device-classification/dataset/camera/round5_positionB/camera_r5.pcapng,220,2202.2022356987,2206.0302896499634,Camera,Camera,True
R5,full,raw_all,/home/lmy/iot-device-classification/dataset/camera/round5_positionB/camera_r5.pcapng,221,2211.0462872982025,2216.4464812278748,Camera,Camera,True
R5,full,raw_all,/home/lmy/iot-device-classification/dataset/camera/round5_positionB/camera_r5.pcapng,222,2221.46413898468,2228.001544713974,Camera,Camera,True
R5,full,raw_all,/home/lmy/iot-device-classification/dataset/camera/round5_positionB/camera_r5.pcapng,223,2232.2313315868378,2236.199719190597,Camera,Camera,True
R5,full,raw_all,/home/lmy/iot-device-classification/dataset/camera/round5_positionB/camera_r5.pcapng,224,2242.241950750351,2246.2235956192017,Camera,Camera,True
R5,full,raw_all,/home/lmy/iot-device-classification/dataset/camera/round5_positionB/camera_r5.pcapng,225,2252.2534103393555,2257.4724543094635,Camera,Camera,True
R5,full,raw_all,/home/lmy/iot-device-classification/dataset/camera/round5_positionB/camera_r5.pcapng,226,2260.645612001419,2268.9593896865845,Camera,Camera,True
R5,full,raw_all,/home/lmy/iot-device-classification/dataset/camera/round5_positionB/camera_r5.pcapng,227,2272.2721366882324,2276.4899628162384,Camera,Camera,True
R5,full,raw_all,/home/lmy/iot-device-classification/dataset/camera/round5_positionB/camera_r5.pcapng,228,2282.282366275788,2288.4284403324127,Camera,Camera,True
R5,full,raw_all,/home/lmy/iot-device-classification/dataset/camera/round5_positionB/camera_r5.pcapng,229,2290.4254088401794,2296.6257874965668,Camera,Camera,True
R5,full,raw_all,/home/lmy/iot-device-classification/dataset/camera/round5_positionB/camera_r5.pcapng,230,2302.3033134937286,2306.6551172733307,Camera,Camera,True
R5,full,raw_all,/home/lmy/iot-device-classification/dataset/camera/round5_positionB/camera_r5.pcapng,231,2310.966049671173,2317.887869119644,Camera,Camera,True
R5,full,raw_all,/home/lmy/iot-device-classification/dataset/camera/round5_positionB/camera_r5.pcapng,232,2322.322448015213,2326.8175163269043,Camera,Camera,True
R5,full,raw_all,/home/lmy/iot-device-classification/dataset/camera/round5_positionB/camera_r5.pcapng,233,2332.3321475982666,2337.3813405036926,Camera,Camera,True
R5,full,raw_all,/home/lmy/iot-device-classification/dataset/camera/round5_positionB/camera_r5.pcapng,234,2342.3419404029846,2348.833760261536,Camera,Camera,True
R5,full,raw_all,/home/lmy/iot-device-classification/dataset/camera/round5_positionB/camera_r5.pcapng,235,2350.8247179985046,2357.0221247673035,Camera,Camera,True
R5,full,raw_all,/home/lmy/iot-device-classification/dataset/camera/round5_positionB/camera_r5.pcapng,236,2362.361703157425,2367.0607213974,Camera,Camera,True
R5,full,raw_all,/home/lmy/iot-device-classification/dataset/camera/round5_positionB/camera_r5.pcapng,237,2372.375053882599,2378.3139679431915,Camera,Camera,True
R5,full,raw_all,/home/lmy/iot-device-classification/dataset/camera/round5_positionB/camera_r5.pcapng,238,2382.381556034088,2387.1847302913666,Camera,Camera,True
R5,full,raw_all,/home/lmy/iot-device-classification/dataset/camera/round5_positionB/camera_r5.pcapng,239,2392.391577243805,2397.251837491989,Camera,Camera,True
R5,full,raw_all,/home/lmy/iot-device-classification/dataset/camera/round5_positionB/camera_r5.pcapng,240,2401.4546263217926,2409.2401506900787,Camera,Camera,True
R5,full,raw_all,/home/lmy/iot-device-classification/dataset/camera/round5_positionB/camera_r5.pcapng,241,2411.2353188991547,2417.743166446686,Camera,Camera,True
R5,full,raw_all,/home/lmy/iot-device-classification/dataset/camera/round5_positionB/camera_r5.pcapng,242,2422.4224042892456,2427.490165948868,Camera,Camera,True
R5,full,raw_all,/home/lmy/iot-device-classification/dataset/camera/round5_positionB/camera_r5.pcapng,243,2431.455764055252,2438.667591571808,Camera,Camera,True
R5,full,raw_all,/home/lmy/iot-device-classification/dataset/camera/round5_positionB/camera_r5.pcapng,244,2441.4244220256805,2447.950002670288,Camera,Camera,True
R5,full,raw_all,/home/lmy/iot-device-classification/dataset/camera/round5_positionB/camera_r5.pcapng,245,2451.924758911133,2457.6241426467896,Camera,Camera,True
R5,full,raw_all,/home/lmy/iot-device-classification/dataset/camera/round5_positionB/camera_r5.pcapng,246,2467.662186384201,2469.837615966797,Camera,Camera,True
R5,full,raw_all,/home/lmy/iot-device-classification/dataset/camera/round5_positionB/camera_r5.pcapng,247,2470.493997812271,2477.7291090488434,Camera,Camera,True
R5,full,raw_all,/home/lmy/iot-device-classification/dataset/camera/round5_positionB/camera_r5.pcapng,248,2482.484018087387,2487.922459125519,Camera,Camera,True
R5,full,raw_all,/home/lmy/iot-device-classification/dataset/camera/round5_positionB/camera_r5.pcapng,249,2492.4937267303467,2499.133755922317,Camera,Camera,True
R5,full,raw_all,/home/lmy/iot-device-classification/dataset/camera/round5_positionB/camera_r5.pcapng,250,2502.1653575897217,2508.004045963288,Camera,Camera,True
R5,full,raw_all,/home/lmy/iot-device-classification/dataset/camera/round5_positionB/camera_r5.pcapng,251,2512.5127375125885,2518.546555995941,Camera,Camera,True
R5,full,raw_all,/home/lmy/iot-device-classification/dataset/camera/round5_positionB/camera_r5.pcapng,252,2522.5219264030457,2529.1130352020264,Camera,Camera,True
R5,full,raw_all,/home/lmy/iot-device-classification/dataset/camera/round5_positionB/camera_r5.pcapng,253,2530.088534355164,2538.141065359116,Camera,Camera,True
R5,full,raw_all,/home/lmy/iot-device-classification/dataset/camera/round5_positionB/camera_r5.pcapng,254,2542.5416045188904,2548.2005944252014,Camera,Camera,True
R5,full,raw_all,/home/lmy/iot-device-classification/dataset/camera/round5_positionB/camera_r5.pcapng,255,2552.4845912456512,2559.5526943206787,Camera,Camera,True
R5,full,raw_all,/home/lmy/iot-device-classification/dataset/camera/round5_positionB/camera_r5.pcapng,256,2562.562298297882,2568.9110476970677,Camera,Camera,True
R5,full,raw_all,/home/lmy/iot-device-classification/dataset/camera/round5_positionB/camera_r5.pcapng,257,2572.571961641312,2578.4003303050995,Camera,Camera,True
R5,full,raw_all,/home/lmy/iot-device-classification/dataset/camera/round5_positionB/camera_r5.pcapng,258,2581.455138683319,2589.53813624382,Camera,Camera,True
R5,full,raw_all,/home/lmy/iot-device-classification/dataset/camera/round5_positionB/camera_r5.pcapng,259,2590.4742720127106,2598.8983080387115,Camera,Camera,True
R5,full,raw_all,/home/lmy/iot-device-classification/dataset/camera/round5_positionB/camera_r5.pcapng,260,2602.603869199753,2608.554251909256,Camera,Camera,True
R5,full,raw_all,/home/lmy/iot-device-classification/dataset/camera/round5_positionB/camera_r5.pcapng,261,2612.612171173096,2619.9741656780243,Camera,Camera,True
R5,full,raw_all,/home/lmy/iot-device-classification/dataset/camera/round5_positionB/camera_r5.pcapng,262,2620.0222840309143,2628.753598690033,Camera,Camera,True
R5,full,raw_all,/home/lmy/iot-device-classification/dataset/camera/round5_positionB/camera_r5.pcapng,263,2632.6320040225983,2638.7040643692017,Camera,Camera,True
R5,full,raw_all,/home/lmy/iot-device-classification/dataset/camera/round5_positionB/camera_r5.pcapng,264,2642.6425721645355,2649.9396884441376,Camera,Camera,True
R5,full,raw_all,/home/lmy/iot-device-classification/dataset/camera/round5_positionB/camera_r5.pcapng,265,2650.905749797821,2658.8917305469517,Camera,Camera,True
R5,full,raw_all,/home/lmy/iot-device-classification/dataset/camera/round5_positionB/camera_r5.pcapng,266,2662.661997079849,2669.4192411899567,Camera,Camera,True
R5,full,raw_all,/home/lmy/iot-device-classification/dataset/camera/round5_positionB/camera_r5.pcapng,267,2671.4545879364014,2679.0724279880524,Camera,Camera,True
R5,full,raw_all,/home/lmy/iot-device-classification/dataset/camera/round5_positionB/camera_r5.pcapng,268,2680.413578271866,2689.3867394924164,Camera,Camera,True
R5,full,raw_all,/home/lmy/iot-device-classification/dataset/camera/round5_positionB/camera_r5.pcapng,269,2692.691878080368,2699.141002893448,Camera,Camera,True
R5,full,raw_all,/home/lmy/iot-device-classification/dataset/camera/round5_positionB/camera_r5.pcapng,270,2702.701570749283,2709.9839050769806,Camera,Camera,True
R5,full,raw_all,/home/lmy/iot-device-classification/dataset/camera/round5_positionB/camera_r5.pcapng,271,2710.320305109024,2719.3124706745148,Camera,Camera,True
R5,full,raw_all,/home/lmy/iot-device-classification/dataset/camera/round5_positionB/camera_r5.pcapng,272,2722.7223007678986,2729.4153320789337,Camera,Camera,True
R5,full,raw_all,/home/lmy/iot-device-classification/dataset/camera/round5_positionB/camera_r5.pcapng,273,2732.7322556972504,2739.4034311771397,Camera,Camera,True
R5,full,raw_all,/home/lmy/iot-device-classification/dataset/camera/round5_positionB/camera_r5.pcapng,274,2740.834056854248,2749.913785457611,Camera,Camera,True
R5,full,raw_all,/home/lmy/iot-device-classification/dataset/camera/round5_positionB/camera_r5.pcapng,275,2752.751411676407,2759.5538907051086,Camera,Camera,True
R5,full,raw_all,/home/lmy/iot-device-classification/dataset/camera/round5_positionB/camera_r5.pcapng,276,2761.4539663791656,2769.6131212711334,Camera,Camera,True
R5,full,raw_all,/home/lmy/iot-device-classification/dataset/camera/round5_positionB/camera_r5.pcapng,277,2770.323920488357,2779.6513023376465,Camera,Camera,True
R5,full,raw_all,/home/lmy/iot-device-classification/dataset/camera/round5_positionB/camera_r5.pcapng,278,2782.782027244568,2789.7012939453125,Camera,Camera,True
R5,full,raw_all,/home/lmy/iot-device-classification/dataset/camera/round5_positionB/camera_r5.pcapng,279,2792.792195081711,2799.739446878433,Camera,Camera,True
R5,full,raw_all,/home/lmy/iot-device-classification/dataset/camera/round5_positionB/camera_r5.pcapng,280,2800.783987045288,2809.8819332122803,Camera,Camera,True
R5,full,raw_all,/home/lmy/iot-device-classification/dataset/camera/round5_positionB/camera_r5.pcapng,281,2812.8128519058228,2819.8251576423645,Camera,Camera,True
R5,full,raw_all,/home/lmy/iot-device-classification/dataset/camera/round5_positionB/camera_r5.pcapng,282,2820.0043659210205,2829.969202280045,Camera,Camera,True
R5,full,raw_all,/home/lmy/iot-device-classification/dataset/camera/round5_positionB/camera_r5.pcapng,283,2830.8334624767303,2839.9841570854187,Camera,Camera,True
R5,full,raw_all,/home/lmy/iot-device-classification/dataset/camera/round5_positionB/camera_r5.pcapng,284,2840.030136585236,2849.983062028885,Camera,Camera,True
R5,full,raw_all,/home/lmy/iot-device-classification/dataset/camera/round5_positionB/camera_r5.pcapng,285,2850.013347864151,2859.992984056473,Camera,Camera,True
R5,full,raw_all,/home/lmy/iot-device-classification/dataset/camera/round5_positionB/camera_r5.pcapng,286,2860.040700674057,2869.705009698868,Camera,Camera,True
R5,full,raw_all,/home/lmy/iot-device-classification/dataset/camera/round5_positionB/camera_r5.pcapng,287,2870.2736921310425,2879.541879892349,Camera,Camera,True
R5,full,raw_all,/home/lmy/iot-device-classification/dataset/camera/round5_positionB/camera_r5.pcapng,288,2880.3940875530243,2889.5879032611847,Camera,Camera,True
R5,full,raw_all,/home/lmy/iot-device-classification/dataset/camera/round5_positionB/camera_r5.pcapng,289,2890.213846683502,2899.902752161026,Camera,Camera,True
R5,full,raw_all,/home/lmy/iot-device-classification/dataset/camera/round5_positionB/camera_r5.pcapng,290,2900.2931745052338,2909.718017816544,Camera,Camera,True
R5,full,raw_all,/home/lmy/iot-device-classification/dataset/camera/round5_positionB/camera_r5.pcapng,291,2910.373869895935,2919.76801109314,Camera,Camera,True
R5,full,raw_all,/home/lmy/iot-device-classification/dataset/camera/round5_positionB/camera_r5.pcapng,292,2920.3941717147827,2929.461961507797,Camera,Camera,True
R5,full,raw_all,/home/lmy/iot-device-classification/dataset/camera/round5_positionB/camera_r5.pcapng,293,2930.613718509674,2936.4444847106934,Camera,Camera,True
R5,full,raw_all,/home/lmy/iot-device-classification/dataset/camera/round5_positionB/camera_r5.pcapng,294,2940.514177083969,2944.9676020145416,Camera,Camera,True
R5,full,raw_all,/home/lmy/iot-device-classification/dataset/camera/round5_positionB/camera_r5.pcapng,295,2950.6034283638,2957.543472290039,Camera,Camera,True
R5,full,raw_all,/home/lmy/iot-device-classification/dataset/camera/round5_positionB/camera_r5.pcapng,296,2960.6134712696075,2962.963412284851,Camera,Camera,True
R5,full,raw_all,/home/lmy/iot-device-classification/dataset/camera/round5_positionB/camera_r5.pcapng,297,2970.0493817329407,2979.386212348938,Camera,Camera,True
R5,full,raw_all,/home/lmy/iot-device-classification/dataset/camera/round5_positionB/camera_r5.pcapng,298,2980.783458471298,2986.4166491031647,Camera,Camera,True
R5,full,raw_all,/home/lmy/iot-device-classification/dataset/camera/round5_positionB/camera_r5.pcapng,299,2991.0064356327057,2992.9939000606537,Camera,Camera,True
R5,full,raw_all,/home/lmy/iot-device-classification/dataset/camera/round5_positionB/camera_r5.pcapng,300,3000.181477546692,3003.0044736862183,Camera,Camera,True
R5,full,raw_all,/home/lmy/iot-device-classification/dataset/camera/round5_positionB/camera_r5.pcapng,301,3010.4184987545013,3019.194878101349,Camera,Camera,True
R5,full,raw_all,/home/lmy/iot-device-classification/dataset/camera/round5_positionB/camera_r5.pcapng,302,3020.405868291855,3026.426724433899,Camera,Camera,True
R5,full,raw_all,/home/lmy/iot-device-classification/dataset/camera/round5_positionB/camera_r5.pcapng,303,3030.4686539173126,3039.7011477947235,Camera,Camera,True
R5,full,raw_all,/home/lmy/iot-device-classification/dataset/camera/round5_positionB/camera_r5.pcapng,304,3040.4881336688995,3043.043781042099,Camera,Camera,True
R5,full,raw_all,/home/lmy/iot-device-classification/dataset/camera/round5_positionB/camera_r5.pcapng,305,3050.102008342743,3053.0540449619293,Camera,Camera,True
R5,full,raw_all,/home/lmy/iot-device-classification/dataset/camera/round5_positionB/camera_r5.pcapng,306,3060.5040307044983,3065.75244307518,Camera,Camera,True
R5,full,raw_all,/home/lmy/iot-device-classification/dataset/camera/round5_positionB/camera_r5.pcapng,307,3070.6766872406006,3076.416693925857,Camera,Camera,True
R5,full,raw_all,/home/lmy/iot-device-classification/dataset/camera/round5_positionB/camera_r5.pcapng,308,3080.463399887085,3089.621831893921,Camera,Camera,True
R5,full,raw_all,/home/lmy/iot-device-classification/dataset/camera/round5_positionB/camera_r5.pcapng,309,3090.787888765335,3093.093777179718,Camera,Camera,True
R5,full,raw_all,/home/lmy/iot-device-classification/dataset/camera/round5_positionB/camera_r5.pcapng,310,3100.024451494217,3105.929810285568,Camera,Camera,True
R5,full,raw_all,/home/lmy/iot-device-classification/dataset/camera/round5_positionB/camera_r5.pcapng,311,3110.9454164505005,3116.414377450943,Camera,Camera,True
R5,full,raw_all,/home/lmy/iot-device-classification/dataset/camera/round5_positionB/camera_r5.pcapng,312,3121.078632831573,3123.124378681183,Camera,Camera,True
R5,full,raw_all,/home/lmy/iot-device-classification/dataset/camera/round5_positionB/camera_r5.pcapng,313,3131.03825378418,3136.3630204200745,Camera,Camera,True
R5,full,raw_all,/home/lmy/iot-device-classification/dataset/camera/round5_positionB/camera_r5.pcapng,314,3141.7329473495483,3146.43452167511,Camera,Camera,True
R5,full,raw_all,/home/lmy/iot-device-classification/dataset/camera/round5_positionB/camera_r5.pcapng,315,3151.1983675956726,3153.1941566467285,Camera,Camera,True
R5,full,raw_all,/home/lmy/iot-device-classification/dataset/camera/round5_positionB/camera_r5.pcapng,316,3160.341281890869,3169.524203062057,Camera,Camera,True
R5,full,raw_all,/home/lmy/iot-device-classification/dataset/camera/round5_positionB/camera_r5.pcapng,317,3171.316218852997,3173.176398038864,Camera,Camera,True
R5,full,raw_all,/home/lmy/iot-device-classification/dataset/camera/round5_positionB/camera_r5.pcapng,318,3181.141754627228,3189.461218357086,Camera,Camera,True
R5,full,raw_all,/home/lmy/iot-device-classification/dataset/camera/round5_positionB/camera_r5.pcapng,319,3191.480368852616,3196.837189674377,Camera,Camera,True
R5,full,raw_all,/home/lmy/iot-device-classification/dataset/camera/round5_positionB/camera_r5.pcapng,320,3201.499055624008,3206.4135303497314,Camera,Camera,True
R5,full,raw_all,/home/lmy/iot-device-classification/dataset/camera/round5_positionB/camera_r5.pcapng,321,3211.452337503433,3213.283275365829,Camera,Camera,True
R5,full,raw_all,/home/lmy/iot-device-classification/dataset/camera/round5_positionB/camera_r5.pcapng,322,3220.663574695587,3225.342037200928,Camera,Camera,True
R5,full,raw_all,/home/lmy/iot-device-classification/dataset/camera/round5_positionB/camera_r5.pcapng,323,3231.061251401901,3233.2346200942998,Camera,Camera,True
R5,full,raw_all,/home/lmy/iot-device-classification/dataset/camera/round5_positionB/camera_r5.pcapng,324,3241.46177649498,3246.8052241802216,Camera,Camera,True
R5,full,raw_all,/home/lmy/iot-device-classification/dataset/camera/round5_positionB/camera_r5.pcapng,325,3251.422575235367,3257.2227387428284,Camera,Camera,True
R5,full,raw_all,/home/lmy/iot-device-classification/dataset/camera/round5_positionB/camera_r5.pcapng,326,3261.8573200702667,3267.4931728839874,Camera,Camera,True
R5,full,raw_all,/home/lmy/iot-device-classification/dataset/camera/round5_positionB/camera_r5.pcapng,327,3271.9320306777954,3273.27490401268,Camera,Camera,True
R5,full,raw_all,/home/lmy/iot-device-classification/dataset/camera/round5_positionB/camera_r5.pcapng,328,3280.9960000514984,3285.620555639267,Camera,Camera,True
R5,full,raw_all,/home/lmy/iot-device-classification/dataset/camera/round5_positionB/camera_r5.pcapng,329,3291.380785703659,3297.12619805336,Camera,Camera,True
R5,full,raw_all,/home/lmy/iot-device-classification/dataset/camera/round5_positionB/camera_r5.pcapng,330,3301.45236325264,3303.304337501526,Camera,Camera,True
R5,full,raw_all,/home/lmy/iot-device-classification/dataset/camera/round5_positionB/camera_r5.pcapng,331,3310.1036791801453,3318.9774918556213,Camera,Camera,True
R5,full,raw_all,/home/lmy/iot-device-classification/dataset/camera/round5_positionB/camera_r5.pcapng,332,3322.237200021744,3323.325870275497,Camera,Camera,True
R5,full,raw_all,/home/lmy/iot-device-classification/dataset/camera/round5_positionB/camera_r5.pcapng,333,3330.0140347480774,3333.354387521744,Camera,Camera,True
R5,full,raw_all,/home/lmy/iot-device-classification/dataset/camera/round5_positionB/camera_r5.pcapng,334,3341.30104970932,3347.3671250343323,Camera,Camera,True
R5,full,raw_all,/home/lmy/iot-device-classification/dataset/camera/round5_positionB/camera_r5.pcapng,335,3353.086905479431,3353.3545954227448,Camera,Camera,True
R5,full,raw_all,/home/lmy/iot-device-classification/dataset/camera/round5_positionB/camera_r5.pcapng,336,3360.024375200272,3363.365216732025,Camera,Camera,True
R5,full,raw_all,/home/lmy/iot-device-classification/dataset/camera/round5_positionB/camera_r5.pcapng,337,3370.42369389534,3378.0631511211395,Camera,Camera,True
R5,full,raw_all,/home/lmy/iot-device-classification/dataset/camera/round5_positionB/camera_r5.pcapng,338,3382.636132478714,3386.413610458374,Camera,Camera,True
R5,full,raw_all,/home/lmy/iot-device-classification/dataset/camera/round5_positionB/camera_r5.pcapng,339,3391.454164981842,3397.7262275218964,Camera,Camera,True
R5,full,raw_all,/home/lmy/iot-device-classification/dataset/camera/round5_positionB/camera_r5.pcapng,340,3402.7416772842407,3408.5315823554997,Camera,Camera,True
R5,full,raw_all,/home/lmy/iot-device-classification/dataset/camera/round5_positionB/camera_r5.pcapng,341,3411.53456568718,3413.70325922966,Camera,Camera,True
R5,full,raw_all,/home/lmy/iot-device-classification/dataset/camera/round5_positionB/camera_r5.pcapng,342,3420.341506719589,3423.6435585021973,Camera,Camera,True
R5,full,raw_all,/home/lmy/iot-device-classification/dataset/camera/round5_positionB/camera_r5.pcapng,343,3430.7435944080357,3438.5580179691315,Camera,Camera,True
R5,full,raw_all,/home/lmy/iot-device-classification/dataset/camera/round5_positionB/camera_r5.pcapng,344,3441.5238270759583,3443.7508919239044,Camera,Camera,True
R5,full,raw_all,/home/lmy/iot-device-classification/dataset/camera/round5_positionB/camera_r5.pcapng,345,3451.5435984134674,3453.8208589553838,Camera,Camera,True
R5,full,raw_all,/home/lmy/iot-device-classification/dataset/camera/round5_positionB/camera_r5.pcapng,346,3461.9438145160675,3469.57283949852,Camera,Camera,True
R5,full,raw_all,/home/lmy/iot-device-classification/dataset/camera/round5_positionB/camera_r5.pcapng,347,3473.185007095337,3476.4131417274475,Camera,Camera,True
R5,full,raw_all,/home/lmy/iot-device-classification/dataset/camera/round5_positionB/camera_r5.pcapng,348,3481.4524281024933,3488.32470202446,Camera,Camera,True
R5,full,raw_all,/home/lmy/iot-device-classification/dataset/camera/round5_positionB/camera_r5.pcapng,349,3493.289808034897,3498.9328696727757,Camera,Camera,True
R5,full,raw_all,/home/lmy/iot-device-classification/dataset/camera/round5_positionB/camera_r5.pcapng,350,3503.348890304565,3506.424469232559,Camera,Camera,True
R5,full,raw_all,/home/lmy/iot-device-classification/dataset/camera/round5_positionB/camera_r5.pcapng,351,3513.438240051269,3516.5995728969574,Camera,Camera,True
R5,full,raw_all,/home/lmy/iot-device-classification/dataset/camera/round5_positionB/camera_r5.pcapng,352,3521.4039483070374,3526.4044148921967,Camera,Camera,True
R5,full,raw_all,/home/lmy/iot-device-classification/dataset/camera/round5_positionB/camera_r5.pcapng,353,3531.443541288376,3534.4001948833466,Camera,Camera,True
R5,full,raw_all,/home/lmy/iot-device-classification/dataset/camera/round5_positionB/camera_r5.pcapng,354,3540.9836950302124,3544.378359556198,Camera,Camera,True
R5,full,raw_all,/home/lmy/iot-device-classification/dataset/camera/round5_positionB/camera_r5.pcapng,355,3551.431973695755,3559.3426356315613,Camera,Camera,True
R5,full,raw_all,/home/lmy/iot-device-classification/dataset/camera/round5_positionB/camera_r5.pcapng,356,3563.5639815330505,3566.4261000156403,Camera,Camera,True
R5,full,raw_all,/home/lmy/iot-device-classification/dataset/camera/round5_positionB/camera_r5.pcapng,357,3571.455266237259,3578.884330034256,Camera,Camera,True
R5,full,raw_all,/home/lmy/iot-device-classification/dataset/camera/round5_positionB/camera_r5.pcapng,358,3583.583897352218,3586.784254550934,Camera,Camera,True
R5,full,raw_all,/home/lmy/iot-device-classification/dataset/camera/round5_positionB/camera_r5.pcapng,359,3593.599831342697,3594.842659473419,Camera,Camera,True
R5,full,raw_all,/home/lmy/iot-device-classification/dataset/camera/round5_positionB/camera_r5.pcapng,360,3601.313796043396,3604.7380788326254,Camera,Camera,True
R5,full,raw_all,/home/lmy/iot-device-classification/dataset/camera/round5_positionB/camera_r5.pcapng,361,3611.422035932541,3619.80298948288,Camera,Camera,True
R5,full,raw_all,/home/lmy/iot-device-classification/dataset/camera/round5_positionB/camera_r5.pcapng,362,3621.843098878861,3623.626140356064,Camera,Camera,True
R5,full,raw_all,/home/lmy/iot-device-classification/dataset/light_T1/round5_positionB/light_T1_r5.pcapng,0,0.0,8.213458776473999,Light_T1,Light_T1,True
R5,full,raw_all,/home/lmy/iot-device-classification/dataset/light_T1/round5_positionB/light_T1_r5.pcapng,1,10.047523498535156,18.6152982711792,Light_T1,Light_T1,True
R5,full,raw_all,/home/lmy/iot-device-classification/dataset/light_T1/round5_positionB/light_T1_r5.pcapng,2,20.11451292037964,27.41059184074402,Light_T1,Light_XM,False
R5,full,raw_all,/home/lmy/iot-device-classification/dataset/light_T1/round5_positionB/light_T1_r5.pcapng,3,30.15799593925476,39.41323518753052,Light_T1,Camera,False
R5,full,raw_all,/home/lmy/iot-device-classification/dataset/light_T1/round5_positionB/light_T1_r5.pcapng,4,40.22264909744263,47.73384189605713,Light_T1,Light_T1,True
R5,full,raw_all,/home/lmy/iot-device-classification/dataset/light_T1/round5_positionB/light_T1_r5.pcapng,5,50.46636748313904,58.14390850067139,Light_T1,Camera,False
R5,full,raw_all,/home/lmy/iot-device-classification/dataset/light_T1/round5_positionB/light_T1_r5.pcapng,6,60.35740113258362,67.34587526321411,Light_T1,Light_XM,False
R5,full,raw_all,/home/lmy/iot-device-classification/dataset/light_T1/round5_positionB/light_T1_r5.pcapng,7,70.41121363639832,78.93269443511963,Light_T1,Light_T1,True
R5,full,raw_all,/home/lmy/iot-device-classification/dataset/light_T1/round5_positionB/light_T1_r5.pcapng,8,80.48646998405457,89.33255434036255,Light_T1,Camera,False
R5,full,raw_all,/home/lmy/iot-device-classification/dataset/light_T1/round5_positionB/light_T1_r5.pcapng,9,90.53361296653748,97.34490609169006,Light_T1,Light_T1,True
R5,full,raw_all,/home/lmy/iot-device-classification/dataset/light_T1/round5_positionB/light_T1_r5.pcapng,10,100.61549758911131,102.36914539337158,Light_T1,Light_T1,True
R5,full,raw_all,/home/lmy/iot-device-classification/dataset/light_T1/round5_positionB/light_T1_r5.pcapng,11,110.132399559021,115.7158579826355,Light_T1,Light_T1,True
R5,full,raw_all,/home/lmy/iot-device-classification/dataset/light_T1/round5_positionB/light_T1_r5.pcapng,12,120.7193479537964,128.85163187980652,Light_T1,Light_T1,True
R5,full,raw_all,/home/lmy/iot-device-classification/dataset/light_T1/round5_positionB/light_T1_r5.pcapng,13,130.80200338363647,139.25155520439148,Light_T1,Light_T1,True
R5,full,raw_all,/home/lmy/iot-device-classification/dataset/light_T1/round5_positionB/light_T1_r5.pcapng,14,140.7437014579773,149.65174317359924,Light_T1,Camera,False
R5,full,raw_all,/home/lmy/iot-device-classification/dataset/light_T1/round5_positionB/light_T1_r5.pcapng,15,150.9454219341278,157.37375116348267,Light_T1,Light_T1,True
R5,full,raw_all,/home/lmy/iot-device-classification/dataset/light_T1/round5_positionB/light_T1_r5.pcapng,16,160.9922332763672,162.36664152145386,Light_T1,Camera,False
R5,full,raw_all,/home/lmy/iot-device-classification/dataset/light_T1/round5_positionB/light_T1_r5.pcapng,17,170.45155358314514,178.77174067497253,Light_T1,Camera,False
R5,full,raw_all,/home/lmy/iot-device-classification/dataset/light_T1/round5_positionB/light_T1_r5.pcapng,18,181.11247539520264,189.17081546783447,Light_T1,Light_T1,True
R5,full,raw_all,/home/lmy/iot-device-classification/dataset/light_T1/round5_positionB/light_T1_r5.pcapng,19,191.1831378936768,196.1940767765045,Light_T1,Light_T1,True
R5,full,raw_all,/home/lmy/iot-device-classification/dataset/light_T1/round5_positionB/light_T1_r5.pcapng,20,200.7972514629364,207.962815284729,Light_T1,Light_XM,False
R5,full,raw_all,/home/lmy/iot-device-classification/dataset/light_T1/round5_positionB/light_T1_r5.pcapng,21,211.33887243270877,217.3450038433075,Light_T1,Light_XM,False
R5,full,raw_all,/home/lmy/iot-device-classification/dataset/light_T1/round5_positionB/light_T1_r5.pcapng,22,221.37452602386475,228.69061398506165,Light_T1,Light_T1,True
R5,full,raw_all,/home/lmy/iot-device-classification/dataset/light_T1/round5_positionB/light_T1_r5.pcapng,23,230.8275101184845,236.51345229148865,Light_T1,Camera,False
R5,full,raw_all,/home/lmy/iot-device-classification/dataset/light_T1/round5_positionB/light_T1_r5.pcapng,24,241.45848393440247,247.3492946624756,Light_T1,Light_T1,True
R5,full,raw_all,/home/lmy/iot-device-classification/dataset/light_T1/round5_positionB/light_T1_r5.pcapng,25,251.52851963043213,259.8899438381195,Light_T1,Light_T1,True
R5,full,raw_all,/home/lmy/iot-device-classification/dataset/light_T1/round5_positionB/light_T1_r5.pcapng,26,260.8560416698456,262.2668416500092,Light_T1,Camera,False
R5,full,raw_all,/home/lmy/iot-device-classification/dataset/light_T1/round5_positionB/light_T1_r5.pcapng,27,270.2900960445404,276.673300743103,Light_T1,Light_T1,True
R5,full,raw_all,/home/lmy/iot-device-classification/dataset/light_T1/round5_positionB/light_T1_r5.pcapng,28,281.7117252349853,289.0109715461731,Light_T1,Light_T1,True
R5,full,raw_all,/home/lmy/iot-device-classification/dataset/light_T1/round5_positionB/light_T1_r5.pcapng,29,290.88710284233093,297.49168729782104,Light_T1,Light_XM,False
R5,full,raw_all,/home/lmy/iot-device-classification/dataset/light_T1/round5_positionB/light_T1_r5.pcapng,30,301.8483016490936,309.8126480579376,Light_T1,Camera,False
R5,full,raw_all,/home/lmy/iot-device-classification/dataset/light_T1/round5_positionB/light_T1_r5.pcapng,31,312.00660037994385,316.9171676635742,Light_T1,Light_T1,True
R5,full,raw_all,/home/lmy/iot-device-classification/dataset/light_T1/round5_positionB/light_T1_r5.pcapng,32,320.9261991977692,322.5653223991394,Light_T1,Camera,False
R5,full,raw_all,/home/lmy/iot-device-classification/dataset/light_T1/round5_positionB/light_T1_r5.pcapng,33,330.6141486167908,337.37752318382263,Light_T1,Light_T1,True
R5,full,raw_all,/home/lmy/iot-device-classification/dataset/light_T1/round5_positionB/light_T1_r5.pcapng,34,342.11097288131714,347.68636560440063,Light_T1,Light_T1,True
R5,full,raw_all,/home/lmy/iot-device-classification/dataset/light_T1/round5_positionB/light_T1_r5.pcapng,35,350.9590663909912,357.15845680236816,Light_T1,Camera,False
R5,full,raw_all,/home/lmy/iot-device-classification/dataset/light_T1/round5_positionB/light_T1_r5.pcapng,36,361.6211001873016,362.8671464920044,Light_T1,Camera,False
R5,full,raw_all,/home/lmy/iot-device-classification/dataset/light_T1/round5_positionB/light_T1_r5.pcapng,37,370.1382179260254,372.872368812561,Light_T1,Light_T1,True
R5,full,raw_all,/home/lmy/iot-device-classification/dataset/light_T1/round5_positionB/light_T1_r5.pcapng,38,380.5367867946625,387.411830663681,Light_T1,Light_XM,False
R5,full,raw_all,/home/lmy/iot-device-classification/dataset/light_T1/round5_positionB/light_T1_r5.pcapng,39,392.3463108539581,398.1568095684052,Light_T1,Light_XM,False
R5,full,raw_all,/home/lmy/iot-device-classification/dataset/light_T1/round5_positionB/light_T1_r5.pcapng,40,402.4320590496063,409.6579451560974,Light_T1,Camera,False
R5,full,raw_all,/home/lmy/iot-device-classification/dataset/light_T1/round5_positionB/light_T1_r5.pcapng,41,411.0150952339173,413.27845883369446,Light_T1,Light_XM,False
R5,full,raw_all,/home/lmy/iot-device-classification/dataset/light_T1/round5_positionB/light_T1_r5.pcapng,42,420.0759422779083,427.3617341518402,Light_T1,Light_XM,False
R5,full,raw_all,/home/lmy/iot-device-classification/dataset/light_T1/round5_positionB/light_T1_r5.pcapng,43,432.3712351322174,437.64210963249207,Light_T1,Camera,False
R5,full,raw_all,/home/lmy/iot-device-classification/dataset/light_T1/round5_positionB/light_T1_r5.pcapng,44,441.06134152412415,447.107919216156,Light_T1,Camera,False
R5,full,raw_all,/home/lmy/iot-device-classification/dataset/light_T1/round5_positionB/light_T1_r5.pcapng,45,453.0034418106079,457.35369634628296,Light_T1,Light_XM,False
R5,full,raw_all,/home/lmy/iot-device-classification/dataset/light_T1/round5_positionB/light_T1_r5.pcapng,46,462.8156797885895,469.98053193092346,Light_T1,Light_T1,True
R5,full,raw_all,/home/lmy/iot-device-classification/dataset/light_T1/round5_positionB/light_T1_r5.pcapng,47,471.093380689621,477.9635388851166,Light_T1,Light_XM,False
R5,full,raw_all,/home/lmy/iot-device-classification/dataset/light_T1/round5_positionB/light_T1_r5.pcapng,48,482.970454454422,488.5489754676819,Light_T1,Camera,False
R5,full,raw_all,/home/lmy/iot-device-classification/dataset/light_T1/round5_positionB/light_T1_r5.pcapng,49,490.7802600860596,496.0134558677673,Light_T1,Light_XM,False
R5,full,raw_all,/home/lmy/iot-device-classification/dataset/light_T1/round5_positionB/light_T1_r5.pcapng,50,501.11556792259216,503.7749087810517,Light_T1,Camera,False
R5,full,raw_all,/home/lmy/iot-device-classification/dataset/light_T1/round5_positionB/light_T1_r5.pcapng,51,511.58134508132935,518.2038896083832,Light_T1,Light_XM,False
R5,full,raw_all,/home/lmy/iot-device-classification/dataset/light_T1/round5_positionB/light_T1_r5.pcapng,52,522.3732674121857,523.8708727359772,Light_T1,Light_T1,True
R5,full,raw_all,/home/lmy/iot-device-classification/dataset/light_T1/round5_positionB/light_T1_r5.pcapng,53,531.1399579048157,533.8751208782196,Light_T1,Camera,False
R5,full,raw_all,/home/lmy/iot-device-classification/dataset/light_T1/round5_positionB/light_T1_r5.pcapng,54,540.7014544010162,544.1172273159027,Light_T1,Camera,False
R5,full,raw_all,/home/lmy/iot-device-classification/dataset/light_T1/round5_positionB/light_T1_r5.pcapng,55,551.1018080711365,558.4512131214142,Light_T1,Light_T1,True
R5,full,raw_all,/home/lmy/iot-device-classification/dataset/light_T1/round5_positionB/light_T1_r5.pcapng,56,561.1768589019775,567.5141050815582,Light_T1,Light_XM,False
R5,full,raw_all,/home/lmy/iot-device-classification/dataset/light_T1/round5_positionB/light_T1_r5.pcapng,57,573.5815410614014,577.379697561264,Light_T1,Light_T1,True
R5,full,raw_all,/home/lmy/iot-device-classification/dataset/light_T1/round5_positionB/light_T1_r5.pcapng,58,582.3753859996796,588.2731237411499,Light_T1,Light_T1,True
R5,full,raw_all,/home/lmy/iot-device-classification/dataset/light_T1/round5_positionB/light_T1_r5.pcapng,59,591.2082998752594,594.2702295780182,Light_T1,Light_XM,False
R5,full,raw_all,/home/lmy/iot-device-classification/dataset/light_T1/round5_positionB/light_T1_r5.pcapng,60,601.0228884220123,607.3652312755585,Light_T1,Light_T1,True
R5,full,raw_all,/home/lmy/iot-device-classification/dataset/light_T1/round5_positionB/light_T1_r5.pcapng,61,613.7790379524231,614.4760143756866,Light_T1,Camera,False
R5,full,raw_all,/home/lmy/iot-device-classification/dataset/light_T1/round5_positionB/light_T1_r5.pcapng,62,621.2305974960327,628.9258286952972,Light_T1,Camera,False
R5,full,raw_all,/home/lmy/iot-device-classification/dataset/light_T1/round5_positionB/light_T1_r5.pcapng,63,633.9516880512238,634.6374497413635,Light_T1,Camera,False
R5,full,raw_all,/home/lmy/iot-device-classification/dataset/light_T1/round5_positionB/light_T1_r5.pcapng,64,642.6228051185608,644.8185846805573,Light_T1,Light_T1,True
R5,full,raw_all,/home/lmy/iot-device-classification/dataset/light_T1/round5_positionB/light_T1_r5.pcapng,65,651.2618598937988,657.4181275367737,Light_T1,Light_XM,False
R5,full,raw_all,/home/lmy/iot-device-classification/dataset/light_T1/round5_positionB/light_T1_r5.pcapng,66,661.6273090839386,666.7646315097809,Light_T1,Camera,False
R5,full,raw_all,/home/lmy/iot-device-classification/dataset/light_T1/round5_positionB/light_T1_r5.pcapng,67,673.8228735923767,674.7803976535797,Light_T1,Light_T1,True
R5,full,raw_all,/home/lmy/iot-device-classification/dataset/light_T1/round5_positionB/light_T1_r5.pcapng,68,681.2919232845306,685.02747797966,Light_T1,Light_XM,False
R5,full,raw_all,/home/lmy/iot-device-classification/dataset/light_T1/round5_positionB/light_T1_r5.pcapng,69,692.5435757637024,699.326917886734,Light_T1,Light_XM,False
R5,full,raw_all,/home/lmy/iot-device-classification/dataset/light_T1/round5_positionB/light_T1_r5.pcapng,70,702.3673610687256,705.0997784137726,Light_T1,Light_T1,True
R5,full,raw_all,/home/lmy/iot-device-classification/dataset/light_T1/round5_positionB/light_T1_r5.pcapng,71,711.321882724762,715.0836927890778,Light_T1,Camera,False
R5,full,raw_all,/home/lmy/iot-device-classification/dataset/light_T1/round5_positionB/light_T1_r5.pcapng,72,721.6638760566711,725.1718394756317,Light_T1,Light_T1,True
R5,full,raw_all,/home/lmy/iot-device-classification/dataset/light_T1/round5_positionB/light_T1_r5.pcapng,73,732.0638098716736,739.5684003829956,Light_T1,Light_T1,True
R5,full,raw_all,/home/lmy/iot-device-classification/dataset/light_T1/round5_positionB/light_T1_r5.pcapng,74,741.3505444526672,747.4191398620605,Light_T1,Light_XM,False
R5,full,raw_all,/home/lmy/iot-device-classification/dataset/light_T1/round5_positionB/light_T1_r5.pcapng,75,754.8576242923737,755.5083911418915,Light_T1,Light_XM,False
R5,full,raw_all,/home/lmy/iot-device-classification/dataset/light_T1/round5_positionB/light_T1_r5.pcapng,76,763.2635576725006,765.5093016624451,Light_T1,Light_T1,True
R5,full,raw_all,/home/lmy/iot-device-classification/dataset/light_T1/round5_positionB/light_T1_r5.pcapng,77,771.3600831031799,779.8867774009705,Light_T1,Light_XM,False
R5,full,raw_all,/home/lmy/iot-device-classification/dataset/light_T1/round5_positionB/light_T1_r5.pcapng,78,784.8796033859253,787.3694100379944,Light_T1,Light_T1,True
R5,full,raw_all,/home/lmy/iot-device-classification/dataset/light_T1/round5_positionB/light_T1_r5.pcapng,79,792.3774991035461,795.6430723667145,Light_T1,Light_T1,True
R5,full,raw_all,/home/lmy/iot-device-classification/dataset/light_T1/round5_positionB/light_T1_r5.pcapng,80,801.3723630905151,807.9925541877747,Light_T1,Light_XM,False
R5,full,raw_all,/home/lmy/iot-device-classification/dataset/light_T1/round5_positionB/light_T1_r5.pcapng,81,815.0686016082764,817.3662865161896,Light_T1,Light_XM,False
R5,full,raw_all,/home/lmy/iot-device-classification/dataset/light_T1/round5_positionB/light_T1_r5.pcapng,82,823.583113193512,825.8854703903198,Light_T1,Light_T1,True
R5,full,raw_all,/home/lmy/iot-device-classification/dataset/light_T1/round5_positionB/light_T1_r5.pcapng,83,830.205509185791,837.4964637756348,Light_T1,Light_XM,False
R5,full,raw_all,/home/lmy/iot-device-classification/dataset/light_T1/round5_positionB/light_T1_r5.pcapng,84,844.3840186595917,845.9728412628174,Light_T1,Light_T1,True
R5,full,raw_all,/home/lmy/iot-device-classification/dataset/light_T1/round5_positionB/light_T1_r5.pcapng,85,852.7026379108429,855.9714195728302,Light_T1,Light_T1,True
R5,full,raw_all,/home/lmy/iot-device-classification/dataset/light_T1/round5_positionB/light_T1_r5.pcapng,86,861.423451423645,866.0735967159271,Light_T1,Light_XM,False
R5,full,raw_all,/home/lmy/iot-device-classification/dataset/light_T1/round5_positionB/light_T1_r5.pcapng,87,873.5027556419373,877.3640944957733,Light_T1,Light_T1,True
R5,full,raw_all,/home/lmy/iot-device-classification/dataset/light_T1/round5_positionB/light_T1_r5.pcapng,88,880.5236248970032,886.1697056293488,Light_T1,Light_T1,True
R5,full,raw_all,/home/lmy/iot-device-classification/dataset/light_T1/round5_positionB/light_T1_r5.pcapng,89,895.6032335758209,896.1759774684906,Light_T1,Camera,False
R5,full,raw_all,/home/lmy/iot-device-classification/dataset/light_T1/round5_positionB/light_T1_r5.pcapng,90,902.6216685771942,906.2053215503691,Light_T1,Light_T1,True
R5,full,raw_all,/home/lmy/iot-device-classification/dataset/light_T1/round5_positionB/light_T1_r5.pcapng,91,910.3048474788666,916.367071390152,Light_T1,Camera,False
R5,full,raw_all,/home/lmy/iot-device-classification/dataset/light_T1/round5_positionB/light_T1_r5.pcapng,92,921.429904460907,927.4183022975922,Light_T1,Light_XM,False
R5,full,raw_all,/home/lmy/iot-device-classification/dataset/light_T1/round5_positionB/light_T1_r5.pcapng,93,930.7619106769562,937.3633725643158,Light_T1,Light_T1,True
R5,full,raw_all,/home/lmy/iot-device-classification/dataset/light_T1/round5_positionB/light_T1_r5.pcapng,94,944.2202262878418,946.5046286582948,Light_T1,Light_T1,True
R5,full,raw_all,/home/lmy/iot-device-classification/dataset/light_T1/round5_positionB/light_T1_r5.pcapng,95,951.4529011249542,956.569361448288,Light_T1,Light_XM,False
R5,full,raw_all,/home/lmy/iot-device-classification/dataset/light_T1/round5_positionB/light_T1_r5.pcapng,96,966.0125250816344,967.382077217102,Light_T1,Light_T1,True
R5,full,raw_all,/home/lmy/iot-device-classification/dataset/light_T1/round5_positionB/light_T1_r5.pcapng,97,972.3726296424866,976.7764780521392,Light_T1,Light_T1,True
R5,full,raw_all,/home/lmy/iot-device-classification/dataset/light_T1/round5_positionB/light_T1_r5.pcapng,98,981.1609892845154,986.875195980072,Light_T1,Light_XM,False
R5,full,raw_all,/home/lmy/iot-device-classification/dataset/light_T1/round5_positionB/light_T1_r5.pcapng,99,994.1495471000673,996.984075307846,Light_T1,Light_T1,True
R5,full,raw_all,/home/lmy/iot-device-classification/dataset/light_T1/round5_positionB/light_T1_r5.pcapng,100,1004.5397119522096,1007.066959619522,Light_T1,Light_T1,True
R5,full,raw_all,/home/lmy/iot-device-classification/dataset/light_T1/round5_positionB/light_T1_r5.pcapng,101,1011.5116438865662,1017.485809326172,Light_T1,Light_XM,False
R5,full,raw_all,/home/lmy/iot-device-classification/dataset/light_T1/round5_positionB/light_T1_r5.pcapng,103,1031.4805755615234,1037.1740610599518,Light_T1,Camera,False
R5,full,raw_all,/home/lmy/iot-device-classification/dataset/light_T1/round5_positionB/light_T1_r5.pcapng,104,1041.5463654994965,1047.5435876846311,Light_T1,Camera,False
R5,full,raw_all,/home/lmy/iot-device-classification/dataset/light_T1/round5_positionB/light_T1_r5.pcapng,105,1054.4590034484863,1057.5773210525513,Light_T1,Light_XM,False
R5,full,raw_all,/home/lmy/iot-device-classification/dataset/light_T1/round5_positionB/light_T1_r5.pcapng,106,1062.3724915981293,1067.4355399608612,Light_T1,Light_T1,True
R5,full,raw_all,/home/lmy/iot-device-classification/dataset/light_T1/round5_positionB/light_T1_r5.pcapng,107,1071.548388004303,1077.506668329239,Light_T1,Camera,False
R5,full,raw_all,/home/lmy/iot-device-classification/dataset/light_T1/round5_positionB/light_T1_r5.pcapng,108,1081.7196600437164,1087.4750244617462,Light_T1,Camera,False
R5,full,raw_all,/home/lmy/iot-device-classification/dataset/light_T1/round5_positionB/light_T1_r5.pcapng,109,1093.9782962799072,1099.395625114441,Light_T1,Light_XM,False
R5,full,raw_all,/home/lmy/iot-device-classification/dataset/light_T1/round5_positionB/light_T1_r5.pcapng,110,1100.617556333542,1107.6684317588806,Light_T1,Light_XM,False
R5,full,raw_all,/home/lmy/iot-device-classification/dataset/light_T1/round5_positionB/light_T1_r5.pcapng,111,1114.7787444591522,1117.5729851722715,Light_T1,Light_T1,True
R5,full,raw_all,/home/lmy/iot-device-classification/dataset/light_T1/round5_positionB/light_T1_r5.pcapng,112,1120.840008974075,1127.8014826774595,Light_T1,Light_T1,True
R5,full,raw_all,/home/lmy/iot-device-classification/dataset/light_T1/round5_positionB/light_T1_r5.pcapng,113,1131.5879855155945,1137.7727446556091,Light_T1,Camera,False
R5,full,raw_all,/home/lmy/iot-device-classification/dataset/light_T1/round5_positionB/light_T1_r5.pcapng,114,1145.9811809062958,1147.8678314685822,Light_T1,Light_T1,True
R5,full,raw_all,/home/lmy/iot-device-classification/dataset/light_T1/round5_positionB/light_T1_r5.pcapng,115,1152.360000371933,1157.866807460785,Light_T1,Light_T1,True
R5,full,raw_all,/home/lmy/iot-device-classification/dataset/light_T1/round5_positionB/light_T1_r5.pcapng,116,1161.6084764003754,1168.0677530765531,Light_T1,Light_XM,False
R5,full,raw_all,/home/lmy/iot-device-classification/dataset/light_T1/round5_positionB/light_T1_r5.pcapng,117,1175.1006093025208,1177.967469215393,Light_T1,Light_T1,True
R5,full,raw_all,/home/lmy/iot-device-classification/dataset/light_T1/round5_positionB/light_T1_r5.pcapng,118,1185.4997799396515,1188.1558265686035,Light_T1,Light_T1,True
R5,full,raw_all,/home/lmy/iot-device-classification/dataset/light_T1/round5_positionB/light_T1_r5.pcapng,119,1191.637844324112,1198.0676488876345,Light_T1,Light_XM,False
R5,full,raw_all,/home/lmy/iot-device-classification/dataset/light_T1/round5_positionB/light_T1_r5.pcapng,120,1202.5204076766968,1208.2006919384005,Light_T1,Camera,False
R5,full,raw_all,/home/lmy/iot-device-classification/dataset/light_T1/round5_positionB/light_T1_r5.pcapng,121,1214.6178543567655,1218.178159236908,Light_T1,Light_T1,True
R5,full,raw_all,/home/lmy/iot-device-classification/dataset/light_T1/round5_positionB/light_T1_r5.pcapng,122,1221.687232017517,1228.280462026596,Light_T1,Light_XM,False
R5,full,raw_all,/home/lmy/iot-device-classification/dataset/light_T1/round5_positionB/light_T1_r5.pcapng,123,1231.9104433059692,1238.37979722023,Light_T1,Camera,False
R5,full,raw_all,/home/lmy/iot-device-classification/dataset/light_T1/round5_positionB/light_T1_r5.pcapng,124,1242.7591049671173,1248.4793903827667,Light_T1,Light_T1,True
R5,full,raw_all,/home/lmy/iot-device-classification/dataset/light_T1/round5_positionB/light_T1_r5.pcapng,125,1251.9571719169617,1258.4808015823364,Light_T1,Light_XM,False
R5,full,raw_all,/home/lmy/iot-device-classification/dataset/light_T1/round5_positionB/light_T1_r5.pcapng,126,1260.6128559112549,1268.5812816619873,Light_T1,Camera,False
R5,full,raw_all,/home/lmy/iot-device-classification/dataset/light_T1/round5_positionB/light_T1_r5.pcapng,127,1274.6302371025083,1279.7983298301697,Light_T1,Light_XM,False
R5,full,raw_all,/home/lmy/iot-device-classification/dataset/light_T1/round5_positionB/light_T1_r5.pcapng,128,1281.7115426063538,1288.6885647773745,Light_T1,Light_XM,False
R5,full,raw_all,/home/lmy/iot-device-classification/dataset/light_T1/round5_positionB/light_T1_r5.pcapng,129,1295.7403404712677,1298.6741783618927,Light_T1,Light_T1,True
R5,full,raw_all,/home/lmy/iot-device-classification/dataset/light_T1/round5_positionB/light_T1_r5.pcapng,130,1306.139144897461,1309.846854686737,Light_T1,Light_XM,False
R5,full,raw_all,/home/lmy/iot-device-classification/dataset/light_T1/round5_positionB/light_T1_r5.pcapng,131,1311.9793450832367,1318.8614530563354,Light_T1,Light_XM,False
R5,full,raw_all,/home/lmy/iot-device-classification/dataset/light_T1/round5_positionB/light_T1_r5.pcapng,132,1326.937143087387,1328.9745602607727,Light_T1,Light_T1,True
R5,full,raw_all,/home/lmy/iot-device-classification/dataset/light_T1/round5_positionB/light_T1_r5.pcapng,133,1332.3699624538422,1339.417163848877,Light_T1,Light_T1,True
R5,full,raw_all,/home/lmy/iot-device-classification/dataset/light_T1/round5_positionB/light_T1_r5.pcapng,134,1340.1094198226929,1349.1053676605225,Light_T1,Light_XM,False
R5,full,raw_all,/home/lmy/iot-device-classification/dataset/light_T1/round5_positionB/light_T1_r5.pcapng,135,1353.4779164791107,1359.009684562683,Light_T1,Camera,False
R5,full,raw_all,/home/lmy/iot-device-classification/dataset/light_T1/round5_positionB/light_T1_r5.pcapng,136,1366.4588949680328,1369.180636882782,Light_T1,Light_T1,True
R5,full,raw_all,/home/lmy/iot-device-classification/dataset/light_T1/round5_positionB/light_T1_r5.pcapng,137,1371.7669486999512,1379.2819826602936,Light_T1,Light_XM,False
R5,full,raw_all,/home/lmy/iot-device-classification/dataset/light_T1/round5_positionB/light_T1_r5.pcapng,138,1387.2560634613037,1389.3755984306335,Light_T1,Camera,False
R5,full,raw_all,/home/lmy/iot-device-classification/dataset/light_T1/round5_positionB/light_T1_r5.pcapng,139,1393.7203962802887,1399.3772854804993,Light_T1,Camera,False
R5,full,raw_all,/home/lmy/iot-device-classification/dataset/light_T1/round5_positionB/light_T1_r5.pcapng,140,1401.7773942947388,1408.2815260887146,Light_T1,Camera,False
R5,full,raw_all,/home/lmy/iot-device-classification/dataset/light_T1/round5_positionB/light_T1_r5.pcapng,141,1410.2609286308289,1419.49263548851,Light_T1,Light_XM,False
R5,full,raw_all,/home/lmy/iot-device-classification/dataset/light_T1/round5_positionB/light_T1_r5.pcapng,142,1422.3583590984344,1429.640645980835,Light_T1,Light_T1,True
R5,full,raw_all,/home/lmy/iot-device-classification/dataset/light_T1/round5_positionB/light_T1_r5.pcapng,143,1431.4293267726898,1439.573171377182,Light_T1,Camera,False
R5,full,raw_all,/home/lmy/iot-device-classification/dataset/light_T1/round5_positionB/light_T1_r5.pcapng,144,1447.5766034126282,1449.6795563697815,Light_T1,Light_T1,True
R5,full,raw_all,/home/lmy/iot-device-classification/dataset/light_T1/round5_positionB/light_T1_r5.pcapng,145,1457.9768562316897,1459.7551612854004,Light_T1,Camera,False
R5,full,raw_all,/home/lmy/iot-device-classification/dataset/light_T1/round5_positionB/light_T1_r5.pcapng,146,1461.797694683075,1469.879390001297,Light_T1,Light_XM,False
R5,full,raw_all,/home/lmy/iot-device-classification/dataset/light_T1/round5_positionB/light_T1_r5.pcapng,147,1474.1981086730957,1479.9720084667206,Light_T1,Light_T1,True
R5,full,raw_all,/home/lmy/iot-device-classification/dataset/light_T1/round5_positionB/light_T1_r5.pcapng,148,1480.0196323394775,1489.4886627197266,Light_T1,Light_T1,True
R5,full,raw_all,/home/lmy/iot-device-classification/dataset/light_T1/round5_positionB/light_T1_r5.pcapng,149,1490.108597278595,1499.9755730628967,Light_T1,Light_XM,False
R5,full,raw_all,/home/lmy/iot-device-classification/dataset/light_T1/round5_positionB/light_T1_r5.pcapng,150,1507.3189861774445,1509.6931104660034,Light_T1,Light_T1,True
R5,full,raw_all,/home/lmy/iot-device-classification/dataset/light_T1/round5_positionB/light_T1_r5.pcapng,151,1510.0879530906675,1519.7118606567385,Light_T1,Light_T1,True
R5,full,raw_all,/home/lmy/iot-device-classification/dataset/light_T1/round5_positionB/light_T1_r5.pcapng,152,1520.1085307598114,1529.9031858444214,Light_T1,Light_XM,False
R5,full,raw_all,/home/lmy/iot-device-classification/dataset/light_T1/round5_positionB/light_T1_r5.pcapng,153,1530.3713240623474,1539.688731431961,Light_T1,Light_XM,False
R5,full,raw_all,/home/lmy/iot-device-classification/dataset/light_T1/round5_positionB/light_T1_r5.pcapng,154,1540.2095408439636,1549.7890627384186,Light_T1,Light_XM,False
R5,full,raw_all,/home/lmy/iot-device-classification/dataset/light_T1/round5_positionB/light_T1_r5.pcapng,155,1550.3884222507477,1559.908403158188,Light_T1,Light_XM,False
R5,full,raw_all,/home/lmy/iot-device-classification/dataset/light_T1/round5_positionB/light_T1_r5.pcapng,156,1560.3904900550842,1569.9880468845367,Light_T1,Light_T1,True
R5,full,raw_all,/home/lmy/iot-device-classification/dataset/light_T1/round5_positionB/light_T1_r5.pcapng,157,1570.466276884079,1578.6160156726835,Light_T1,Light_T1,True
R5,full,raw_all,/home/lmy/iot-device-classification/dataset/light_T1/round5_positionB/light_T1_r5.pcapng,158,1580.0087032318115,1589.9506351947784,Light_T1,Camera,False
R5,full,raw_all,/home/lmy/iot-device-classification/dataset/light_T1/round5_positionB/light_T1_r5.pcapng,159,1590.088213443756,1597.343655586243,Light_T1,Sensor,False
R5,full,raw_all,/home/lmy/iot-device-classification/dataset/light_T1/round5_positionB/light_T1_r5.pcapng,160,1600.0872004032135,1609.8164992332458,Light_T1,Camera,False
R5,full,raw_all,/home/lmy/iot-device-classification/dataset/light_T1/round5_positionB/light_T1_r5.pcapng,161,1610.0568418502808,1619.4249410629272,Light_T1,Light_XM,False
R5,full,raw_all,/home/lmy/iot-device-classification/dataset/light_T1/round5_positionB/light_T1_r5.pcapng,162,1620.1274659633636,1625.1602404117584,Light_T1,Camera,False
R5,full,raw_all,/home/lmy/iot-device-classification/dataset/light_T1/round5_positionB/light_T1_r5.pcapng,163,1630.242136001587,1638.9362754821775,Light_T1,Camera,False
R5,full,raw_all,/home/lmy/iot-device-classification/dataset/light_T1/round5_positionB/light_T1_r5.pcapng,164,1640.2596817016602,1647.5224080085754,Light_T1,Light_XM,False
R5,full,raw_all,/home/lmy/iot-device-classification/dataset/light_T1/round5_positionB/light_T1_r5.pcapng,165,1650.3520560264587,1657.416109085083,Light_T1,Sensor,False
R5,full,raw_all,/home/lmy/iot-device-classification/dataset/light_T1/round5_positionB/light_T1_r5.pcapng,166,1660.4982006549835,1665.4792592525482,Light_T1,Camera,False
R5,full,raw_all,/home/lmy/iot-device-classification/dataset/light_T1/round5_positionB/light_T1_r5.pcapng,167,1670.4496219158173,1678.4560930728912,Light_T1,Light_XM,False
R5,full,raw_all,/home/lmy/iot-device-classification/dataset/light_T1/round5_positionB/light_T1_r5.pcapng,168,1680.5733559131622,1687.3590371608734,Light_T1,Light_T1,True
R5,full,raw_all,/home/lmy/iot-device-classification/dataset/light_T1/round5_positionB/light_T1_r5.pcapng,169,1690.600925207138,1699.255763053894,Light_T1,Light_T1,True
R5,full,raw_all,/home/lmy/iot-device-classification/dataset/light_T1/round5_positionB/light_T1_r5.pcapng,170,1700.6959142684937,1705.7186233997345,Light_T1,Light_XM,False
R5,full,raw_all,/home/lmy/iot-device-classification/dataset/light_T1/round5_positionB/light_T1_r5.pcapng,171,1710.7404119968414,1715.7976820468905,Light_T1,Camera,False
R5,full,raw_all,/home/lmy/iot-device-classification/dataset/light_T1/round5_positionB/light_T1_r5.pcapng,172,1720.8287870883942,1728.3764107227323,Light_T1,Light_T1,True
R5,full,raw_all,/home/lmy/iot-device-classification/dataset/light_T1/round5_positionB/light_T1_r5.pcapng,173,1730.856460571289,1737.3321044445038,Light_T1,Light_XM,False
R5,full,raw_all,/home/lmy/iot-device-classification/dataset/light_T1/round5_positionB/light_T1_r5.pcapng,174,1740.898542881012,1745.9591631889343,Light_T1,Camera,False
R5,full,raw_all,/home/lmy/iot-device-classification/dataset/light_T1/round5_positionB/light_T1_r5.pcapng,175,1750.9664945602417,1755.542479276657,Light_T1,Camera,False
R5,full,raw_all,/home/lmy/iot-device-classification/dataset/light_T1/round5_positionB/light_T1_r5.pcapng,176,1761.0693571567535,1764.833857536316,Light_T1,Camera,False
R5,full,raw_all,/home/lmy/iot-device-classification/dataset/light_T1/round5_positionB/light_T1_r5.pcapng,177,1771.10471868515,1777.359123468399,Light_T1,Sensor,False
R5,full,raw_all,/home/lmy/iot-device-classification/dataset/light_T1/round5_positionB/light_T1_r5.pcapng,178,1781.1894888877869,1786.198585271835,Light_T1,Light_T1,True
R5,full,raw_all,/home/lmy/iot-device-classification/dataset/light_T1/round5_positionB/light_T1_r5.pcapng,179,1791.2155268192291,1799.0964348316193,Light_T1,Light_XM,False
R5,full,raw_all,/home/lmy/iot-device-classification/dataset/light_T1/round5_positionB/light_T1_r5.pcapng,180,1801.283028125763,1809.496159076691,Light_T1,Camera,False
R5,full,raw_all,/home/lmy/iot-device-classification/dataset/light_T1/round5_positionB/light_T1_r5.pcapng,181,1811.35258102417,1819.896437883377,Light_T1,Light_T1,True
R5,full,raw_all,/home/lmy/iot-device-classification/dataset/light_T1/round5_positionB/light_T1_r5.pcapng,182,1821.4116475582125,1827.4118025302887,Light_T1,Light_XM,False
R5,full,raw_all,/home/lmy/iot-device-classification/dataset/light_T1/round5_positionB/light_T1_r5.pcapng,183,1831.492709159851,1838.616404056549,Light_T1,Camera,False
R5,full,raw_all,/home/lmy/iot-device-classification/dataset/light_T1/round5_positionB/light_T1_r5.pcapng,184,1841.5533611774445,1849.016568183899,Light_T1,Light_T1,True
R5,full,raw_all,/home/lmy/iot-device-classification/dataset/light_T1/round5_positionB/light_T1_r5.pcapng,185,1851.5957214832304,1859.41680765152,Light_T1,Light_XM,False
R5,full,raw_all,/home/lmy/iot-device-classification/dataset/light_T1/round5_positionB/light_T1_r5.pcapng,186,1861.6278018951416,1867.3664815425875,Light_T1,Light_XM,False
R5,full,raw_all,/home/lmy/iot-device-classification/dataset/light_T1/round5_positionB/light_T1_r5.pcapng,187,1871.7894191741943,1872.3963558673856,Light_T1,Camera,False
R5,full,raw_all,/home/lmy/iot-device-classification/dataset/light_T1/round5_positionB/light_T1_r5.pcapng,188,1880.227205991745,1882.459860086441,Light_T1,Camera,False
R5,full,raw_all,/home/lmy/iot-device-classification/dataset/light_T1/round5_positionB/light_T1_r5.pcapng,189,1890.6178200244904,1897.344111442566,Light_T1,Light_XM,False
R5,full,raw_all,/home/lmy/iot-device-classification/dataset/light_T1/round5_positionB/light_T1_r5.pcapng,190,1901.914665222168,1906.9195368289948,Light_T1,Camera,False
R5,full,raw_all,/home/lmy/iot-device-classification/dataset/light_T1/round5_positionB/light_T1_r5.pcapng,191,1911.973251581192,1917.333941936493,Light_T1,Light_XM,False
R5,full,raw_all,/home/lmy/iot-device-classification/dataset/light_T1/round5_positionB/light_T1_r5.pcapng,192,1922.037788629532,1922.680480718613,Light_T1,Camera,False
R5,full,raw_all,/home/lmy/iot-device-classification/dataset/light_T1/round5_positionB/light_T1_r5.pcapng,193,1930.1376159191127,1932.7988018989563,Light_T1,Camera,False
R5,full,raw_all,/home/lmy/iot-device-classification/dataset/light_T1/round5_positionB/light_T1_r5.pcapng,194,1940.5383052825928,1947.241192817688,Light_T1,Light_XM,False
R5,full,raw_all,/home/lmy/iot-device-classification/dataset/light_T1/round5_positionB/light_T1_r5.pcapng,195,1952.2426483631132,1957.3466529846191,Light_T1,Light_T1,True
R5,full,raw_all,/home/lmy/iot-device-classification/dataset/light_T1/round5_positionB/light_T1_r5.pcapng,196,1962.327504873276,1969.658156871796,Light_T1,Light_T1,True
R5,full,raw_all,/home/lmy/iot-device-classification/dataset/light_T1/round5_positionB/light_T1_r5.pcapng,197,1972.2528550624847,1973.0695142745967,Light_T1,Camera,False
R5,full,raw_all,/home/lmy/iot-device-classification/dataset/light_T1/round5_positionB/light_T1_r5.pcapng,198,1980.0600607395168,1987.4811248779297,Light_T1,Camera,False
R5,full,raw_all,/home/lmy/iot-device-classification/dataset/light_T1/round5_positionB/light_T1_r5.pcapng,199,1992.493762254715,1993.1696166992188,Light_T1,Camera,False
R5,full,raw_all,/home/lmy/iot-device-classification/dataset/light_T1/round5_positionB/light_T1_r5.pcapng,200,2000.858677148819,2008.404895067215,Light_T1,Light_XM,False
R5,full,raw_all,/home/lmy/iot-device-classification/dataset/light_T1/round5_positionB/light_T1_r5.pcapng,201,2012.6114015579224,2017.372187614441,Light_T1,Light_XM,False
R5,full,raw_all,/home/lmy/iot-device-classification/dataset/light_T1/round5_positionB/light_T1_r5.pcapng,202,2022.3605499267576,2027.7214348316195,Light_T1,Light_T1,True
R5,full,raw_all,/home/lmy/iot-device-classification/dataset/light_T1/round5_positionB/light_T1_r5.pcapng,203,2032.2648842334747,2033.4020040035248,Light_T1,Light_XM,False
R5,full,raw_all,/home/lmy/iot-device-classification/dataset/light_T1/round5_positionB/light_T1_r5.pcapng,204,2040.3795719146729,2047.3632559776304,Light_T1,Light_XM,False
R5,full,raw_all,/home/lmy/iot-device-classification/dataset/light_T1/round5_positionB/light_T1_r5.pcapng,205,2052.865254878998,2058.1226167678838,Light_T1,Light_T1,True
R5,full,raw_all,/home/lmy/iot-device-classification/dataset/light_T1/round5_positionB/light_T1_r5.pcapng,206,2062.551845788956,2063.5722827911377,Light_T1,Light_XM,False
R5,full,raw_all,/home/lmy/iot-device-classification/dataset/light_T1/round5_positionB/light_T1_r5.pcapng,207,2071.579918384552,2073.6730670928955,Light_T1,Camera,False
R5,full,raw_all,/home/lmy/iot-device-classification/dataset/light_T1/round5_positionB/light_T1_r5.pcapng,208,2081.9814450740814,2088.3623814582825,Light_T1,Camera,False
R5,full,raw_all,/home/lmy/iot-device-classification/dataset/light_T1/round5_positionB/light_T1_r5.pcapng,209,2092.322391271591,2097.501097679138,Light_T1,Light_XM,False
R5,full,raw_all,/home/lmy/iot-device-classification/dataset/light_T1/round5_positionB/light_T1_r5.pcapng,210,2100.44078874588,2104.613328695297,Light_T1,Camera,False
R5,full,raw_all,/home/lmy/iot-device-classification/dataset/light_T1/round5_positionB/light_T1_r5.pcapng,211,2111.100726366043,2118.921511650085,Light_T1,Camera,False
R5,full,raw_all,/home/lmy/iot-device-classification/dataset/light_T1/round5_positionB/light_T1_r5.pcapng,212,2122.344984292984,2123.965883731842,Light_T1,Camera,False
R5,full,raw_all,/home/lmy/iot-device-classification/dataset/light_T1/round5_positionB/light_T1_r5.pcapng,213,2131.900749444961,2137.373931646347,Light_T1,Light_T1,True
R5,full,raw_all,/home/lmy/iot-device-classification/dataset/light_T1/round5_positionB/light_T1_r5.pcapng,214,2143.4626598358154,2149.243738412857,Light_T1,Camera,False
R5,full,raw_all,/home/lmy/iot-device-classification/dataset/light_T1/round5_positionB/light_T1_r5.pcapng,215,2152.3759467601776,2154.3209223747253,Light_T1,Camera,False
R5,full,raw_all,/home/lmy/iot-device-classification/dataset/light_T1/round5_positionB/light_T1_r5.pcapng,216,2161.020606279373,2164.283040761948,Light_T1,Camera,False
R5,full,raw_all,/home/lmy/iot-device-classification/dataset/light_T1/round5_positionB/light_T1_r5.pcapng,217,2171.4228386878967,2176.4849874973297,Light_T1,Light_XM,False
R5,full,raw_all,/home/lmy/iot-device-classification/dataset/light_T1/round5_positionB/light_T1_r5.pcapng,218,2181.562204837799,2187.416984796524,Light_T1,Light_XM,False
R5,full,raw_all,/home/lmy/iot-device-classification/dataset/light_T1/round5_positionB/light_T1_r5.pcapng,219,2193.7259063720703,2194.461475610733,Light_T1,Camera,False
R5,full,raw_all,/home/lmy/iot-device-classification/dataset/light_T1/round5_positionB/light_T1_r5.pcapng,220,2202.621691465378,2204.465436697006,Light_T1,Camera,False
R5,full,raw_all,/home/lmy/iot-device-classification/dataset/light_T1/round5_positionB/light_T1_r5.pcapng,221,2210.941066026688,2218.924065828324,Light_T1,Camera,False
R5,full,raw_all,/home/lmy/iot-device-classification/dataset/light_T1/round5_positionB/light_T1_r5.pcapng,222,2220.722208738327,2227.351546049118,Light_T1,Light_XM,False
R5,full,raw_all,/home/lmy/iot-device-classification/dataset/light_T1/round5_positionB/light_T1_r5.pcapng,223,2233.821609258652,2234.724755525589,Light_T1,Camera,False
R5,full,raw_all,/home/lmy/iot-device-classification/dataset/light_T1/round5_positionB/light_T1_r5.pcapng,224,2242.1517372131348,2249.804320335388,Light_T1,Light_XM,False
R5,full,raw_all,/home/lmy/iot-device-classification/dataset/light_T1/round5_positionB/light_T1_r5.pcapng,225,2254.1154386997223,2257.346789121628,Light_T1,Light_XM,False
R5,full,raw_all,/home/lmy/iot-device-classification/dataset/light_T1/round5_positionB/light_T1_r5.pcapng,226,2262.37521147728,2264.8662536144257,Light_T1,Camera,False
R5,full,raw_all,/home/lmy/iot-device-classification/dataset/light_T1/round5_positionB/light_T1_r5.pcapng,227,2271.262436389923,2277.4951078891754,Light_T1,Light_XM,False
R5,full,raw_all,/home/lmy/iot-device-classification/dataset/light_T1/round5_positionB/light_T1_r5.pcapng,228,2281.8826711177826,2284.9681103229523,Light_T1,Camera,False
R5,full,raw_all,/home/lmy/iot-device-classification/dataset/light_T1/round5_positionB/light_T1_r5.pcapng,229,2292.0619654655457,2295.1633200645447,Light_T1,Light_T1,True
R5,full,raw_all,/home/lmy/iot-device-classification/dataset/light_T1/round5_positionB/light_T1_r5.pcapng,230,2302.443168401718,2305.1771070957184,Light_T1,Camera,False
R5,full,raw_all,/home/lmy/iot-device-classification/dataset/light_T1/round5_positionB/light_T1_r5.pcapng,231,2312.86265873909,2319.565032482147,Light_T1,Light_XM,False
R5,full,raw_all,/home/lmy/iot-device-classification/dataset/light_T1/round5_positionB/light_T1_r5.pcapng,232,2320.4803783893585,2326.088494062424,Light_T1,Camera,False
R5,full,raw_all,/home/lmy/iot-device-classification/dataset/light_T1/round5_positionB/light_T1_r5.pcapng,233,2332.465977668762,2335.2809579372406,Light_T1,Camera,False
R5,full,raw_all,/home/lmy/iot-device-classification/dataset/light_T1/round5_positionB/light_T1_r5.pcapng,234,2341.9824974536896,2349.7240419387817,Light_T1,Light_T1,True
R5,full,raw_all,/home/lmy/iot-device-classification/dataset/light_T1/round5_positionB/light_T1_r5.pcapng,235,2354.903535604477,2355.4822311401367,Light_T1,Camera,False
R5,full,raw_all,/home/lmy/iot-device-classification/dataset/light_T1/round5_positionB/light_T1_r5.pcapng,236,2362.324823141098,2365.5135502815247,Light_T1,Camera,False
R5,full,raw_all,/home/lmy/iot-device-classification/dataset/light_T1/round5_positionB/light_T1_r5.pcapng,237,2373.183484315872,2377.348104953766,Light_T1,Light_T1,True
R5,full,raw_all,/home/lmy/iot-device-classification/dataset/light_T1/round5_positionB/light_T1_r5.pcapng,238,2380.04474401474,2385.7368416786194,Light_T1,Camera,False
R5,full,raw_all,/home/lmy/iot-device-classification/dataset/light_T1/round5_positionB/light_T1_r5.pcapng,239,2392.51855635643,2395.679936647415,Light_T1,Camera,False
R5,full,raw_all,/home/lmy/iot-device-classification/dataset/light_T1/round5_positionB/light_T1_r5.pcapng,240,2402.303197860718,2407.366576910019,Light_T1,Light_T1,True
R5,full,raw_all,/home/lmy/iot-device-classification/dataset/light_T1/round5_positionB/light_T1_r5.pcapng,241,2410.124622821808,2415.7586755752563,Light_T1,Camera,False
R5,full,raw_all,/home/lmy/iot-device-classification/dataset/light_T1/round5_positionB/light_T1_r5.pcapng,242,2422.548253297806,2425.8717715740204,Light_T1,Camera,False
R5,full,raw_all,/home/lmy/iot-device-classification/dataset/light_T1/round5_positionB/light_T1_r5.pcapng,243,2433.5049624443054,2435.983417272568,Light_T1,Camera,False
R5,full,raw_all,/home/lmy/iot-device-classification/dataset/light_T1/round5_positionB/light_T1_r5.pcapng,244,2440.28407907486,2446.072652578354,Light_T1,Camera,False
R5,full,raw_all,/home/lmy/iot-device-classification/dataset/light_T1/round5_positionB/light_T1_r5.pcapng,245,2452.32572555542,2457.459683179856,Light_T1,Light_XM,False
R5,full,raw_all,/home/lmy/iot-device-classification/dataset/light_T1/round5_positionB/light_T1_r5.pcapng,246,2461.6436767578125,2466.104202747345,Light_T1,Camera,False
R5,full,raw_all,/home/lmy/iot-device-classification/dataset/light_T1/round5_positionB/light_T1_r5.pcapng,247,2470.446587085724,2476.1670203208923,Light_T1,Camera,False
R5,full,raw_all,/home/lmy/iot-device-classification/dataset/light_T1/round5_positionB/light_T1_r5.pcapng,248,2482.610486268997,2486.279007911682,Light_T1,Light_XM,False
R5,full,raw_all,/home/lmy/iot-device-classification/dataset/light_T1/round5_positionB/light_T1_r5.pcapng,249,2493.8240559101105,2497.37735748291,Light_T1,Light_T1,True
R5,full,raw_all,/home/lmy/iot-device-classification/dataset/light_T1/round5_positionB/light_T1_r5.pcapng,250,2500.688155174256,2509.38818025589,Light_T1,Light_XM,False
R5,full,raw_all,/home/lmy/iot-device-classification/dataset/light_T1/round5_positionB/light_T1_r5.pcapng,251,2512.640907526016,2516.5408992767334,Light_T1,Camera,False
R5,full,raw_all,/home/lmy/iot-device-classification/dataset/light_T1/round5_positionB/light_T1_r5.pcapng,252,2522.9443526268005,2526.57891368866,Light_T1,Light_XM,False
R5,full,raw_all,/home/lmy/iot-device-classification/dataset/light_T1/round5_positionB/light_T1_r5.pcapng,253,2530.926041126251,2536.561763048172,Light_T1,Camera,False
R5,full,raw_all,/home/lmy/iot-device-classification/dataset/light_T1/round5_positionB/light_T1_r5.pcapng,254,2542.3375403881078,2547.419782400131,Light_T1,Light_XM,False
R5,full,raw_all,/home/lmy/iot-device-classification/dataset/light_T1/round5_positionB/light_T1_r5.pcapng,255,2554.154402256012,2556.67009472847,Light_T1,Camera,False
R5,full,raw_all,/home/lmy/iot-device-classification/dataset/light_T1/round5_positionB/light_T1_r5.pcapng,256,2561.0855662822723,2566.7669956684117,Light_T1,Camera,False
R5,full,raw_all,/home/lmy/iot-device-classification/dataset/light_T1/round5_positionB/light_T1_r5.pcapng,257,2572.6763100624084,2576.880740404129,Light_T1,Camera,False
R5,full,raw_all,/home/lmy/iot-device-classification/dataset/light_T1/round5_positionB/light_T1_r5.pcapng,258,2583.264636039734,2587.369790077209,Light_T1,Light_XM,False
R5,full,raw_all,/home/lmy/iot-device-classification/dataset/light_T1/round5_positionB/light_T1_r5.pcapng,259,2591.3260037899017,2596.9779448509216,Light_T1,Camera,False
R5,full,raw_all,/home/lmy/iot-device-classification/dataset/light_T1/round5_positionB/light_T1_r5.pcapng,260,2602.682962656021,2608.634512901306,Light_T1,Camera,False
R5,full,raw_all,/home/lmy/iot-device-classification/dataset/light_T1/round5_positionB/light_T1_r5.pcapng,261,2615.8044340610504,2617.3492243289948,Light_T1,Light_T1,True
R5,full,raw_all,/home/lmy/iot-device-classification/dataset/light_T1/round5_positionB/light_T1_r5.pcapng,262,2622.378499746322,2627.175654888153,Light_T1,Camera,False
R5,full,raw_all,/home/lmy/iot-device-classification/dataset/light_T1/round5_positionB/light_T1_r5.pcapng,263,2632.2059123516083,2637.177567005157,Light_T1,Light_XM,False
R5,full,raw_all,/home/lmy/iot-device-classification/dataset/light_T1/round5_positionB/light_T1_r5.pcapng,264,2643.5846502780914,2647.372366666794,Light_T1,Camera,False
R5,full,raw_all,/home/lmy/iot-device-classification/dataset/light_T1/round5_positionB/light_T1_r5.pcapng,265,2653.984959602356,2657.5982048511505,Light_T1,Camera,False
R5,full,raw_all,/home/lmy/iot-device-classification/dataset/light_T1/round5_positionB/light_T1_r5.pcapng,266,2662.712687969208,2667.5663471221924,Light_T1,Camera,False
R5,full,raw_all,/home/lmy/iot-device-classification/dataset/light_T1/round5_positionB/light_T1_r5.pcapng,267,2674.7854754924774,2677.469890356064,Light_T1,Light_T1,True
R5,full,raw_all,/home/lmy/iot-device-classification/dataset/light_T1/round5_positionB/light_T1_r5.pcapng,268,2681.885992050171,2687.5963485240936,Light_T1,Camera,False
R5,full,raw_all,/home/lmy/iot-device-classification/dataset/light_T1/round5_positionB/light_T1_r5.pcapng,269,2692.724920034409,2697.5995242595677,Light_T1,Camera,False
R5,full,raw_all,/home/lmy/iot-device-classification/dataset/light_T1/round5_positionB/light_T1_r5.pcapng,270,2701.76481628418,2707.6714522838597,Light_T1,Camera,False
R5,full,raw_all,/home/lmy/iot-device-classification/dataset/light_T1/round5_positionB/light_T1_r5.pcapng,271,2714.305165052414,2717.6740176677704,Light_T1,Camera,False
R5,full,raw_all,/home/lmy/iot-device-classification/dataset/light_T1/round5_positionB/light_T1_r5.pcapng,272,2722.3266429901123,2727.7712137699127,Light_T1,Light_XM,False
R5,full,raw_all,/home/lmy/iot-device-classification/dataset/light_T1/round5_positionB/light_T1_r5.pcapng,273,2732.1257712841034,2737.7851843833923,Light_T1,Camera,False
R5,full,raw_all,/home/lmy/iot-device-classification/dataset/light_T1/round5_positionB/light_T1_r5.pcapng,274,2745.506430387497,2748.0211639404297,Light_T1,Camera,False
R5,full,raw_all,/home/lmy/iot-device-classification/dataset/light_T1/round5_positionB/light_T1_r5.pcapng,275,2752.774055957794,2757.9049186706543,Light_T1,Camera,False
R5,full,raw_all,/home/lmy/iot-device-classification/dataset/light_T1/round5_positionB/light_T1_r5.pcapng,276,2761.6452074050903,2768.425424337387,Light_T1,Light_XM,False
R5,full,raw_all,/home/lmy/iot-device-classification/dataset/light_T1/round5_positionB/light_T1_r5.pcapng,277,2772.3653032779694,2778.1863646507263,Light_T1,Light_T1,True
R5,full,raw_all,/home/lmy/iot-device-classification/dataset/light_T1/round5_positionB/light_T1_r5.pcapng,278,2782.801852464676,2788.1907906532288,Light_T1,Camera,False
R5,full,raw_all,/home/lmy/iot-device-classification/dataset/light_T1/round5_positionB/light_T1_r5.pcapng,279,2795.425760507584,2798.2781896591187,Light_T1,Camera,False
R5,full,raw_all,/home/lmy/iot-device-classification/dataset/light_T1/round5_positionB/light_T1_r5.pcapng,280,2805.825635910034,2808.2913184165955,Light_T1,Camera,False
R5,full,raw_all,/home/lmy/iot-device-classification/dataset/light_T1/round5_positionB/light_T1_r5.pcapng,281,2812.337651491165,2818.3900594711304,Light_T1,Light_XM,False
R5,full,raw_all,/home/lmy/iot-device-classification/dataset/light_T1/round5_positionB/light_T1_r5.pcapng,282,2822.7672674655914,2828.4859807491302,Light_T1,Camera,False
R5,full,raw_all,/home/lmy/iot-device-classification/dataset/light_T1/round5_positionB/light_T1_r5.pcapng,283,2834.9460656642914,2838.48531126976,Light_T1,Camera,False
R5,full,raw_all,/home/lmy/iot-device-classification/dataset/light_T1/round5_positionB/light_T1_r5.pcapng,284,2842.862707138061,2848.7356214523315,Light_T1,Camera,False
R5,full,raw_all,/home/lmy/iot-device-classification/dataset/light_T1/round5_positionB/light_T1_r5.pcapng,285,2855.7458386421204,2858.6954967975616,Light_T1,Light_T1,True
R5,full,raw_all,/home/lmy/iot-device-classification/dataset/light_T1/round5_positionB/light_T1_r5.pcapng,286,2862.365211248398,2868.68825173378,Light_T1,Camera,False
R5,full,raw_all,/home/lmy/iot-device-classification/dataset/light_T1/round5_positionB/light_T1_r5.pcapng,287,2872.893479585648,2879.4403030872345,Light_T1,Camera,False
R5,full,raw_all,/home/lmy/iot-device-classification/dataset/light_T1/round5_positionB/light_T1_r5.pcapng,288,2883.9352612495422,2888.857161283493,Light_T1,Camera,False
R5,full,raw_all,/home/lmy/iot-device-classification/dataset/light_T1/round5_positionB/light_T1_r5.pcapng,289,2895.266183614731,2898.9752583503723,Light_T1,Camera,False
R5,full,raw_all,/home/lmy/iot-device-classification/dataset/light_T1/round5_positionB/light_T1_r5.pcapng,290,2902.3258130550385,2909.078934192657,Light_T1,Light_XM,False
R5,full,raw_all,/home/lmy/iot-device-classification/dataset/light_T1/round5_positionB/light_T1_r5.pcapng,291,2915.705425977707,2919.0741424560547,Light_T1,Camera,False
R5,full,raw_all,/home/lmy/iot-device-classification/dataset/light_T1/round5_positionB/light_T1_r5.pcapng,292,2920.846842527389,2929.3220250606537,Light_T1,Camera,False
R5,full,raw_all,/home/lmy/iot-device-classification/dataset/light_T1/round5_positionB/light_T1_r5.pcapng,293,2932.9536311626434,2939.227607488632,Light_T1,Camera,False
R5,full,raw_all,/home/lmy/iot-device-classification/dataset/light_T1/round5_positionB/light_T1_r5.pcapng,294,2947.2670514583588,2949.259631872177,Light_T1,Light_T1,True
R5,full,raw_all,/home/lmy/iot-device-classification/dataset/light_T1/round5_positionB/light_T1_r5.pcapng,295,2952.3798468112946,2959.2650804519653,Light_T1,Camera,False
R5,full,raw_all,/home/lmy/iot-device-classification/dataset/light_T1/round5_positionB/light_T1_r5.pcapng,296,2962.983710050583,2969.3591322898865,Light_T1,Camera,False
R5,full,raw_all,/home/lmy/iot-device-classification/dataset/light_T1/round5_positionB/light_T1_r5.pcapng,297,2976.3876626491547,2979.686948776245,Light_T1,Light_XM,False
R5,full,raw_all,/home/lmy/iot-device-classification/dataset/light_T1/round5_positionB/light_T1_r5.pcapng,298,2982.379741668701,2989.557769060135,Light_T1,Camera,False
R5,full,raw_all,/home/lmy/iot-device-classification/dataset/light_T1/round5_positionB/light_T1_r5.pcapng,299,2992.325964450836,2999.5802540779114,Light_T1,Light_XM,False
R5,full,raw_all,/home/lmy/iot-device-classification/dataset/light_T1/round5_positionB/light_T1_r5.pcapng,300,3003.968081712723,3009.7338466644287,Light_T1,Light_T1,True
R5,full,raw_all,/home/lmy/iot-device-classification/dataset/light_T1/round5_positionB/light_T1_r5.pcapng,301,3017.987217664718,3019.6664271354675,Light_T1,Camera,False
R5,full,raw_all,/home/lmy/iot-device-classification/dataset/light_T1/round5_positionB/light_T1_r5.pcapng,302,3023.044247865677,3029.779878616333,Light_T1,Camera,False
R5,full,raw_all,/home/lmy/iot-device-classification/dataset/light_T1/round5_positionB/light_T1_r5.pcapng,303,3036.707181453705,3039.767858982086,Light_T1,Light_T1,True
R5,full,raw_all,/home/lmy/iot-device-classification/dataset/light_T1/round5_positionB/light_T1_r5.pcapng,304,3042.379782676697,3049.953840494156,Light_T1,Light_T1,True
R5,full,raw_all,/home/lmy/iot-device-classification/dataset/light_T1/round5_positionB/light_T1_r5.pcapng,305,3050.0067777633667,3059.961659193039,Light_T1,Camera,False
R5,full,raw_all,/home/lmy/iot-device-classification/dataset/light_T1/round5_positionB/light_T1_r5.pcapng,306,3060.638616800308,3069.995611906052,Light_T1,Camera,False
R5,full,raw_all,/home/lmy/iot-device-classification/dataset/light_T1/round5_positionB/light_T1_r5.pcapng,307,3070.074588060379,3079.9959819316864,Light_T1,Camera,False
R5,full,raw_all,/home/lmy/iot-device-classification/dataset/light_T1/round5_positionB/light_T1_r5.pcapng,308,3080.0593016147614,3089.6649243831635,Light_T1,Light_XM,False
R5,full,raw_all,/home/lmy/iot-device-classification/dataset/light_T1/round5_positionB/light_T1_r5.pcapng,309,3090.115933895111,3099.8069853782654,Light_T1,Light_T1,True
R5,full,raw_all,/home/lmy/iot-device-classification/dataset/light_T1/round5_positionB/light_T1_r5.pcapng,310,3100.1055731773376,3109.91463971138,Light_T1,Camera,False
R5,full,raw_all,/home/lmy/iot-device-classification/dataset/light_T1/round5_positionB/light_T1_r5.pcapng,311,3110.205864429474,3119.896973848343,Light_T1,Camera,False
R5,full,raw_all,/home/lmy/iot-device-classification/dataset/light_T1/round5_positionB/light_T1_r5.pcapng,312,3120.195940732956,3129.9991738796234,Light_T1,Light_T1,True
R5,full,raw_all,/home/lmy/iot-device-classification/dataset/light_T1/round5_positionB/light_T1_r5.pcapng,313,3130.395330667496,3139.976249217987,Light_T1,Camera,False
R5,full,raw_all,/home/lmy/iot-device-classification/dataset/light_T1/round5_positionB/light_T1_r5.pcapng,314,3140.4159133434296,3149.996015071869,Light_T1,Camera,False
R5,full,raw_all,/home/lmy/iot-device-classification/dataset/light_T1/round5_positionB/light_T1_r5.pcapng,315,3150.102974653244,3159.9962487220764,Light_T1,Camera,False
R5,full,raw_all,/home/lmy/iot-device-classification/dataset/light_T1/round5_positionB/light_T1_r5.pcapng,316,3160.495533466339,3165.00985121727,Light_T1,Camera,False
R5,full,raw_all,/home/lmy/iot-device-classification/dataset/light_T1/round5_positionB/light_T1_r5.pcapng,317,3170.0346899032597,3177.4230728149414,Light_T1,Light_XM,False
R5,full,raw_all,/home/lmy/iot-device-classification/dataset/light_T1/round5_positionB/light_T1_r5.pcapng,318,3180.081157207489,3188.5481748580933,Light_T1,Camera,False
R5,full,raw_all,/home/lmy/iot-device-classification/dataset/light_T1/round5_positionB/light_T1_r5.pcapng,319,3190.114544391632,3198.071573495865,Light_T1,Camera,False
R5,full,raw_all,/home/lmy/iot-device-classification/dataset/light_T1/round5_positionB/light_T1_r5.pcapng,320,3200.1788058280945,3208.7362072467804,Light_T1,Camera,False
R5,full,raw_all,/home/lmy/iot-device-classification/dataset/light_T1/round5_positionB/light_T1_r5.pcapng,321,3210.247130870819,3217.397795915604,Light_T1,Light_XM,False
R5,full,raw_all,/home/lmy/iot-device-classification/dataset/light_T1/round5_positionB/light_T1_r5.pcapng,322,3220.3167588710785,3222.407826900482,Light_T1,Camera,False
R5,full,raw_all,/home/lmy/iot-device-classification/dataset/light_T1/round5_positionB/light_T1_r5.pcapng,323,3230.1576256752014,3238.4681186676025,Light_T1,Camera,False
R5,full,raw_all,/home/lmy/iot-device-classification/dataset/light_T1/round5_positionB/light_T1_r5.pcapng,324,3240.41437625885,3248.867958068848,Light_T1,Light_T1,True
R5,full,raw_all,/home/lmy/iot-device-classification/dataset/light_T1/round5_positionB/light_T1_r5.pcapng,325,3250.474386692047,3255.4895632267,Light_T1,Camera,False
R5,full,raw_all,/home/lmy/iot-device-classification/dataset/light_T1/round5_positionB/light_T1_r5.pcapng,326,3260.5487122535706,3267.4950935840607,Light_T1,Light_XM,False
R5,full,raw_all,/home/lmy/iot-device-classification/dataset/light_T1/round5_positionB/light_T1_r5.pcapng,327,3270.6386284828186,3277.987888813019,Light_T1,Camera,False
R5,full,raw_all,/home/lmy/iot-device-classification/dataset/light_T1/round5_positionB/light_T1_r5.pcapng,328,3280.6461646556854,3288.400050401688,Light_T1,Light_T1,True
R5,full,raw_all,/home/lmy/iot-device-classification/dataset/light_T1/round5_positionB/light_T1_r5.pcapng,329,3290.7179448604584,3298.788235425949,Light_T1,Camera,False
R5,full,raw_all,/home/lmy/iot-device-classification/dataset/light_T1/round5_positionB/light_T1_r5.pcapng,330,3300.795917272568,3307.3518748283386,Light_T1,Light_T1,True
R5,full,raw_all,/home/lmy/iot-device-classification/dataset/light_T1/round5_positionB/light_T1_r5.pcapng,331,3310.828422307968,3319.587400197983,Light_T1,Camera,False
R5,full,raw_all,/home/lmy/iot-device-classification/dataset/light_T1/round5_positionB/light_T1_r5.pcapng,332,3320.9163267612457,3327.91001701355,Light_T1,Camera,False
R5,full,raw_all,/home/lmy/iot-device-classification/dataset/light_T1/round5_positionB/light_T1_r5.pcapng,333,3330.971804857254,3337.353471517563,Light_T1,Light_XM,False
R5,full,raw_all,/home/lmy/iot-device-classification/dataset/light_T1/round5_positionB/light_T1_r5.pcapng,334,3341.029952764511,3348.7100772857666,Light_T1,Light_T1,True
R5,full,raw_all,/home/lmy/iot-device-classification/dataset/light_T1/round5_positionB/light_T1_r5.pcapng,335,3351.0946838855743,3356.1303663253784,Light_T1,Light_XM,False
R5,full,raw_all,/home/lmy/iot-device-classification/dataset/light_T1/round5_positionB/light_T1_r5.pcapng,336,3361.162130355835,3369.5111768245697,Light_T1,Light_T1,True
R5,full,raw_all,/home/lmy/iot-device-classification/dataset/light_T1/round5_positionB/light_T1_r5.pcapng,337,3371.432420015335,3379.908230781555,Light_T1,Camera,False
R5,full,raw_all,/home/lmy/iot-device-classification/dataset/light_T1/round5_positionB/light_T1_r5.pcapng,338,3381.299102783203,3383.4076204299927,Light_T1,Camera,False
R5,full,raw_all,/home/lmy/iot-device-classification/dataset/light_T1/round5_positionB/light_T1_r5.pcapng,339,3390.3106458187103,3397.355442047119,Light_T1,Light_T1,True
R5,full,raw_all,/home/lmy/iot-device-classification/dataset/light_T1/round5_positionB/light_T1_r5.pcapng,340,3401.4161417484283,3406.44828248024,Light_T1,Light_T1,True
R5,full,raw_all,/home/lmy/iot-device-classification/dataset/light_T1/round5_positionB/light_T1_r5.pcapng,341,3411.476581811905,3419.428159952164,Light_T1,Light_T1,True
R5,full,raw_all,/home/lmy/iot-device-classification/dataset/light_T1/round5_positionB/light_T1_r5.pcapng,342,3421.518664598465,3429.828562259674,Light_T1,Light_T1,True
R5,full,raw_all,/home/lmy/iot-device-classification/dataset/light_T1/round5_positionB/light_T1_r5.pcapng,343,3431.663645505905,3432.2909531593323,Light_T1,Camera,False
R5,full,raw_all,/home/lmy/iot-device-classification/dataset/light_T1/round5_positionB/light_T1_r5.pcapng,344,3440.2280507087708,3447.9706115722656,Light_T1,Light_XM,False
R5,full,raw_all,/home/lmy/iot-device-classification/dataset/light_T1/round5_positionB/light_T1_r5.pcapng,345,3451.7604546546936,3457.3509380817413,Light_T1,Light_XM,False
R5,full,raw_all,/home/lmy/iot-device-classification/dataset/light_T1/round5_positionB/light_T1_r5.pcapng,346,3461.7570612430573,3469.3484694957733,Light_T1,Light_T1,True
R5,full,raw_all,/home/lmy/iot-device-classification/dataset/light_T1/round5_positionB/light_T1_r5.pcapng,347,3471.820161342621,3479.7484862804413,Light_T1,Camera,False
R5,full,raw_all,/home/lmy/iot-device-classification/dataset/light_T1/round5_positionB/light_T1_r5.pcapng,348,3481.8882472515106,3487.3285839557648,Light_T1,Camera,False
R5,full,raw_all,/home/lmy/iot-device-classification/dataset/light_T1/round5_positionB/light_T1_r5.pcapng,349,3491.9435811042786,3498.985309123993,Light_T1,Light_T1,True
R5,full,raw_all,/home/lmy/iot-device-classification/dataset/light_T1/round5_positionB/light_T1_r5.pcapng,350,3500.548066139221,3507.010831594467,Light_T1,Light_XM,False
R5,full,raw_all,/home/lmy/iot-device-classification/dataset/light_T1/round5_positionB/light_T1_r5.pcapng,351,3512.076778411865,3518.335460424423,Light_T1,Light_XM,False
R5,full,raw_all,/home/lmy/iot-device-classification/dataset/light_T1/round5_positionB/light_T1_r5.pcapng,352,3522.126672744751,3529.670916318893,Light_T1,Camera,False
R5,full,raw_all,/home/lmy/iot-device-classification/dataset/light_T1/round5_positionB/light_T1_r5.pcapng,353,3532.2014575004578,3539.0948419570923,Light_T1,Light_XM,False
R5,full,raw_all,/home/lmy/iot-device-classification/dataset/light_T1/round5_positionB/light_T1_r5.pcapng,354,3540.003602027893,3545.811435937881,Light_T1,Camera,False
R5,full,raw_all,/home/lmy/iot-device-classification/dataset/light_T1/round5_positionB/light_T1_r5.pcapng,355,3550.470182657242,3557.411481380462,Light_T1,Camera,False
R5,full,raw_all,/home/lmy/iot-device-classification/dataset/light_T1/round5_positionB/light_T1_r5.pcapng,356,3562.407678604126,3565.3790035247803,Light_T1,Light_XM,False
R5,full,raw_all,/home/lmy/iot-device-classification/dataset/light_T1/round5_positionB/light_T1_r5.pcapng,357,3572.4504010677338,3577.429140329361,Light_T1,Sensor,False
R5,full,raw_all,/home/lmy/iot-device-classification/dataset/light_T1/round5_positionB/light_T1_r5.pcapng,358,3582.3653094768524,3586.971884727478,Light_T1,Light_XM,False
R5,full,raw_all,/home/lmy/iot-device-classification/dataset/light_T1/round5_positionB/light_T1_r5.pcapng,359,3592.571766138077,3597.650281190872,Light_T1,Camera,False
R5,full,raw_all,/home/lmy/iot-device-classification/dataset/light_T1/round5_positionB/light_T1_r5.pcapng,360,3602.6409752368927,3603.3435060977936,Light_T1,Camera,False
R5,full,raw_all,/home/lmy/iot-device-classification/dataset/light_T1/round5_positionB/light_T1_r5.pcapng,361,3610.789058685303,3613.380679607392,Light_T1,Light_T1,True
R5,full,raw_all,/home/lmy/iot-device-classification/dataset/light_T1/round5_positionB/light_T1_r5.pcapng,362,3621.189260482788,3627.42458152771,Light_T1,Light_XM,False
R5,full,raw_all,/home/lmy/iot-device-classification/dataset/light_T1/round5_positionB/light_T1_r5.pcapng,363,3633.669723272324,3639.9093000888815,Light_T1,Light_XM,False
R5,full,raw_all,/home/lmy/iot-device-classification/dataset/light_T1/round5_positionB/light_T1_r5.pcapng,365,3652.389405250549,3658.531098842621,Light_T1,Camera,False
R5,full,raw_all,/home/lmy/iot-device-classification/dataset/light_T1/round5_positionB/light_T1_r5.pcapng,366,3661.666395664215,3661.741369247437,Light_T1,Camera,False
R5,full,raw_all,/home/lmy/iot-device-classification/dataset/light_xm/round5_positionB/light_xm_r5.pcapng,0,0.0,9.082690954208374,Light_XM,Light_XM,True
R5,full,raw_all,/home/lmy/iot-device-classification/dataset/light_xm/round5_positionB/light_xm_r5.pcapng,1,10.75674843788147,18.556687355041504,Light_XM,Light_XM,True
R5,full,raw_all,/home/lmy/iot-device-classification/dataset/light_xm/round5_positionB/light_xm_r5.pcapng,2,20.83670854568481,27.45759892463684,Light_XM,Camera,False
R5,full,raw_all,/home/lmy/iot-device-classification/dataset/light_xm/round5_positionB/light_xm_r5.pcapng,3,30.91663932800293,38.590978145599365,Light_XM,Light_XM,True
R5,full,raw_all,/home/lmy/iot-device-classification/dataset/light_xm/round5_positionB/light_xm_r5.pcapng,4,40.99784421920776,48.17317485809326,Light_XM,Light_XM,True
R5,full,raw_all,/home/lmy/iot-device-classification/dataset/light_xm/round5_positionB/light_xm_r5.pcapng,5,51.130494594573975,56.17897701263428,Light_XM,Light_XM,True
R5,full,raw_all,/home/lmy/iot-device-classification/dataset/light_xm/round5_positionB/light_xm_r5.pcapng,6,60.385335206985474,62.64512252807617,Light_XM,Light_XM,True
R5,full,raw_all,/home/lmy/iot-device-classification/dataset/light_xm/round5_positionB/light_xm_r5.pcapng,7,70.72210741043091,78.5777108669281,Light_XM,Light_XM,True
R5,full,raw_all,/home/lmy/iot-device-classification/dataset/light_xm/round5_positionB/light_xm_r5.pcapng,8,81.31642484664917,87.44732618331909,Light_XM,Light_T1,False
R5,full,raw_all,/home/lmy/iot-device-classification/dataset/light_xm/round5_positionB/light_xm_r5.pcapng,9,91.336172580719,99.8396134376526,Light_XM,Light_XM,True
R5,full,raw_all,/home/lmy/iot-device-classification/dataset/light_xm/round5_positionB/light_xm_r5.pcapng,10,101.39643120765686,106.46888852119446,Light_XM,Light_XM,True
R5,full,raw_all,/home/lmy/iot-device-classification/dataset/light_xm/round5_positionB/light_xm_r5.pcapng,11,111.47885298728944,119.39600896835329,Light_XM,Light_XM,True
R5,full,raw_all,/home/lmy/iot-device-classification/dataset/light_xm/round5_positionB/light_xm_r5.pcapng,12,120.63974618911745,129.4586944580078,Light_XM,Light_T1,False
R5,full,raw_all,/home/lmy/iot-device-classification/dataset/light_xm/round5_positionB/light_xm_r5.pcapng,13,132.4418044090271,138.6388397216797,Light_XM,Light_XM,True
R5,full,raw_all,/home/lmy/iot-device-classification/dataset/light_xm/round5_positionB/light_xm_r5.pcapng,14,141.65341806411743,147.44809579849243,Light_XM,Light_XM,True
R5,full,raw_all,/home/lmy/iot-device-classification/dataset/light_xm/round5_positionB/light_xm_r5.pcapng,15,151.72669315338135,153.29481053352356,Light_XM,Light_XM,True
R5,full,raw_all,/home/lmy/iot-device-classification/dataset/light_xm/round5_positionB/light_xm_r5.pcapng,16,160.17198586463928,168.59065794944763,Light_XM,Light_XM,True
R5,full,raw_all,/home/lmy/iot-device-classification/dataset/light_xm/round5_positionB/light_xm_r5.pcapng,17,171.8456208705902,176.30357694625854,Light_XM,Light_T1,False
R5,full,raw_all,/home/lmy/iot-device-classification/dataset/light_xm/round5_positionB/light_xm_r5.pcapng,18,180.95984649658203,189.2796232700348,Light_XM,Light_XM,True
R5,full,raw_all,/home/lmy/iot-device-classification/dataset/light_xm/round5_positionB/light_xm_r5.pcapng,19,191.9655015468597,197.3527753353119,Light_XM,Light_XM,True
R5,full,raw_all,/home/lmy/iot-device-classification/dataset/light_xm/round5_positionB/light_xm_r5.pcapng,20,202.09435892105105,207.4499852657318,Light_XM,Light_XM,True
R5,full,raw_all,/home/lmy/iot-device-classification/dataset/light_xm/round5_positionB/light_xm_r5.pcapng,21,212.12486577034,213.5656762123108,Light_XM,Light_XM,True
R5,full,raw_all,/home/lmy/iot-device-classification/dataset/light_xm/round5_positionB/light_xm_r5.pcapng,22,220.4833672046661,222.80398297309875,Light_XM,Light_XM,True
R5,full,raw_all,/home/lmy/iot-device-classification/dataset/light_xm/round5_positionB/light_xm_r5.pcapng,23,230.8793489933014,236.3605170249939,Light_XM,Light_T1,False
R5,full,raw_all,/home/lmy/iot-device-classification/dataset/light_xm/round5_positionB/light_xm_r5.pcapng,24,242.3256771564484,247.347761631012,Light_XM,Light_XM,True
R5,full,raw_all,/home/lmy/iot-device-classification/dataset/light_xm/round5_positionB/light_xm_r5.pcapng,25,252.3989918231964,258.5860068798065,Light_XM,Light_XM,True
R5,full,raw_all,/home/lmy/iot-device-classification/dataset/light_xm/round5_positionB/light_xm_r5.pcapng,26,262.4554364681244,267.447940826416,Light_XM,Light_T1,False
R5,full,raw_all,/home/lmy/iot-device-classification/dataset/light_xm/round5_positionB/light_xm_r5.pcapng,27,272.8516862392425,274.31912112236023,Light_XM,Light_XM,True
R5,full,raw_all,/home/lmy/iot-device-classification/dataset/light_xm/round5_positionB/light_xm_r5.pcapng,28,280.7991580963135,283.1865117549896,Light_XM,Light_XM,True
R5,full,raw_all,/home/lmy/iot-device-classification/dataset/light_xm/round5_positionB/light_xm_r5.pcapng,29,291.2086744308472,297.74672961235046,Light_XM,Light_XM,True
R5,full,raw_all,/home/lmy/iot-device-classification/dataset/light_xm/round5_positionB/light_xm_r5.pcapng,30,302.7587857246399,309.9496867656708,Light_XM,Light_XM,True
R5,full,raw_all,/home/lmy/iot-device-classification/dataset/light_xm/round5_positionB/light_xm_r5.pcapng,31,312.83609414100647,314.3676161766052,Light_XM,Light_XM,True
R5,full,raw_all,/home/lmy/iot-device-classification/dataset/light_xm/round5_positionB/light_xm_r5.pcapng,32,322.3988347053528,327.4472072124481,Light_XM,Light_XM,True
R5,full,raw_all,/home/lmy/iot-device-classification/dataset/light_xm/round5_positionB/light_xm_r5.pcapng,33,332.9121298789978,335.1914818286896,Light_XM,Light_XM,True
R5,full,raw_all,/home/lmy/iot-device-classification/dataset/light_xm/round5_positionB/light_xm_r5.pcapng,34,340.2266936302185,348.5558593273163,Light_XM,Light_XM,True
R5,full,raw_all,/home/lmy/iot-device-classification/dataset/light_xm/round5_positionB/light_xm_r5.pcapng,35,352.9318282604217,356.47584438323975,Light_XM,Light_XM,True
R5,full,raw_all,/home/lmy/iot-device-classification/dataset/light_xm/round5_positionB/light_xm_r5.pcapng,36,360.3934960365296,364.306834936142,Light_XM,Light_XM,True
R5,full,raw_all,/home/lmy/iot-device-classification/dataset/light_xm/round5_positionB/light_xm_r5.pcapng,37,372.31896781921387,378.60399889945984,Light_XM,Light_XM,True
R5,full,raw_all,/home/lmy/iot-device-classification/dataset/light_xm/round5_positionB/light_xm_r5.pcapng,38,382.9625289440155,388.3059577941895,Light_XM,Light_XM,True
R5,full,raw_all,/home/lmy/iot-device-classification/dataset/light_xm/round5_positionB/light_xm_r5.pcapng,39,392.9764578342438,394.5067820549011,Light_XM,Light_XM,True
R5,full,raw_all,/home/lmy/iot-device-classification/dataset/light_xm/round5_positionB/light_xm_r5.pcapng,40,401.5663144588471,404.36682772636414,Light_XM,Light_XM,True
R5,full,raw_all,/home/lmy/iot-device-classification/dataset/light_xm/round5_positionB/light_xm_r5.pcapng,41,411.8380260467529,416.5344893932343,Light_XM,Light_T1,False
R5,full,raw_all,/home/lmy/iot-device-classification/dataset/light_xm/round5_positionB/light_xm_r5.pcapng,42,423.0026652812958,426.3274536132813,Light_XM,Light_XM,True
R5,full,raw_all,/home/lmy/iot-device-classification/dataset/light_xm/round5_positionB/light_xm_r5.pcapng,43,430.994576215744,438.565244436264,Light_XM,Light_XM,True
R5,full,raw_all,/home/lmy/iot-device-classification/dataset/light_xm/round5_positionB/light_xm_r5.pcapng,44,443.0324161052704,447.44563603401184,Light_XM,Light_XM,True
R5,full,raw_all,/home/lmy/iot-device-classification/dataset/light_xm/round5_positionB/light_xm_r5.pcapng,45,453.03308725357056,456.4673252105713,Light_XM,Light_XM,True
R5,full,raw_all,/home/lmy/iot-device-classification/dataset/light_xm/round5_positionB/light_xm_r5.pcapng,46,463.053368806839,466.4457919597626,Light_XM,Light_XM,True
R5,full,raw_all,/home/lmy/iot-device-classification/dataset/light_xm/round5_positionB/light_xm_r5.pcapng,47,473.0541346073151,478.9569566249848,Light_XM,Light_T1,False
R5,full,raw_all,/home/lmy/iot-device-classification/dataset/light_xm/round5_positionB/light_xm_r5.pcapng,48,483.0620601177216,488.70147132873535,Light_XM,Light_XM,True
R5,full,raw_all,/home/lmy/iot-device-classification/dataset/light_xm/round5_positionB/light_xm_r5.pcapng,49,493.0721125602722,498.5693185329437,Light_XM,Light_XM,True
R5,full,raw_all,/home/lmy/iot-device-classification/dataset/light_xm/round5_positionB/light_xm_r5.pcapng,50,503.0824959278106,507.445745229721,Light_XM,Light_T1,False
R5,full,raw_all,/home/lmy/iot-device-classification/dataset/light_xm/round5_positionB/light_xm_r5.pcapng,51,513.0923271179199,519.2212212085724,Light_XM,Light_XM,True
R5,full,raw_all,/home/lmy/iot-device-classification/dataset/light_xm/round5_positionB/light_xm_r5.pcapng,52,520.1848676204681,528.6451060771942,Light_XM,Light_XM,True
R5,full,raw_all,/home/lmy/iot-device-classification/dataset/light_xm/round5_positionB/light_xm_r5.pcapng,53,533.1121621131897,536.6577455997467,Light_XM,Light_T1,False
R5,full,raw_all,/home/lmy/iot-device-classification/dataset/light_xm/round5_positionB/light_xm_r5.pcapng,54,542.9598574638367,547.1239957809448,Light_XM,Light_XM,True
R5,full,raw_all,/home/lmy/iot-device-classification/dataset/light_xm/round5_positionB/light_xm_r5.pcapng,55,553.1325523853302,556.4457476139069,Light_XM,Light_XM,True
R5,full,raw_all,/home/lmy/iot-device-classification/dataset/light_xm/round5_positionB/light_xm_r5.pcapng,56,560.2524881362915,567.5472483634949,Light_XM,Light_XM,True
R5,full,raw_all,/home/lmy/iot-device-classification/dataset/light_xm/round5_positionB/light_xm_r5.pcapng,57,573.1521000862122,578.5871996879578,Light_XM,Light_XM,True
R5,full,raw_all,/home/lmy/iot-device-classification/dataset/light_xm/round5_positionB/light_xm_r5.pcapng,58,583.1616106033325,587.1897444725037,Light_XM,Light_XM,True
R5,full,raw_all,/home/lmy/iot-device-classification/dataset/light_xm/round5_positionB/light_xm_r5.pcapng,59,593.1723206043243,596.6985158920288,Light_XM,Light_T1,False
R5,full,raw_all,/home/lmy/iot-device-classification/dataset/light_xm/round5_positionB/light_xm_r5.pcapng,60,603.1854157447815,609.7468104362488,Light_XM,Light_XM,True
R5,full,raw_all,/home/lmy/iot-device-classification/dataset/light_xm/round5_positionB/light_xm_r5.pcapng,61,612.1217594146729,618.5940554141998,Light_XM,Light_XM,True
R5,full,raw_all,/home/lmy/iot-device-classification/dataset/light_xm/round5_positionB/light_xm_r5.pcapng,62,621.1540160179138,627.4445946216583,Light_XM,Light_XM,True
R5,full,raw_all,/home/lmy/iot-device-classification/dataset/light_xm/round5_positionB/light_xm_r5.pcapng,63,633.2115726470947,635.6008896827698,Light_XM,Light_XM,True
R5,full,raw_all,/home/lmy/iot-device-classification/dataset/light_xm/round5_positionB/light_xm_r5.pcapng,64,642.7178838253021,648.5113158226013,Light_XM,Light_XM,True
R5,full,raw_all,/home/lmy/iot-device-classification/dataset/light_xm/round5_positionB/light_xm_r5.pcapng,65,653.2327210903168,658.7932684421539,Light_XM,Light_XM,True
R5,full,raw_all,/home/lmy/iot-device-classification/dataset/light_xm/round5_positionB/light_xm_r5.pcapng,66,660.4570894241333,668.6689901351929,Light_XM,Light_T1,False
R5,full,raw_all,/home/lmy/iot-device-classification/dataset/light_xm/round5_positionB/light_xm_r5.pcapng,67,671.8651630878448,676.1238641738892,Light_XM,Light_XM,True
R5,full,raw_all,/home/lmy/iot-device-classification/dataset/light_xm/round5_positionB/light_xm_r5.pcapng,68,683.2625601291656,688.2052145004272,Light_XM,Light_XM,True
R5,full,raw_all,/home/lmy/iot-device-classification/dataset/light_xm/round5_positionB/light_xm_r5.pcapng,69,692.9635396003723,696.9853579998016,Light_XM,Light_XM,True
R5,full,raw_all,/home/lmy/iot-device-classification/dataset/light_xm/round5_positionB/light_xm_r5.pcapng,70,703.2820868492126,708.5640964508057,Light_XM,Light_XM,True
R5,full,raw_all,/home/lmy/iot-device-classification/dataset/light_xm/round5_positionB/light_xm_r5.pcapng,71,710.5448882579803,718.4070131778717,Light_XM,Light_T1,False
R5,full,raw_all,/home/lmy/iot-device-classification/dataset/light_xm/round5_positionB/light_xm_r5.pcapng,72,723.3021140098572,729.8720483779907,Light_XM,Light_XM,True
R5,full,raw_all,/home/lmy/iot-device-classification/dataset/light_xm/round5_positionB/light_xm_r5.pcapng,73,733.3127729892731,738.6369805335999,Light_XM,Light_T1,False
R5,full,raw_all,/home/lmy/iot-device-classification/dataset/light_xm/round5_positionB/light_xm_r5.pcapng,74,743.3220307826996,747.4490823745728,Light_XM,Light_T1,False
R5,full,raw_all,/home/lmy/iot-device-classification/dataset/light_xm/round5_positionB/light_xm_r5.pcapng,75,753.3322608470917,758.6125373840332,Light_XM,Light_XM,True
R5,full,raw_all,/home/lmy/iot-device-classification/dataset/light_xm/round5_positionB/light_xm_r5.pcapng,76,760.8646109104156,768.4670717716217,Light_XM,Light_XM,True
R5,full,raw_all,/home/lmy/iot-device-classification/dataset/light_xm/round5_positionB/light_xm_r5.pcapng,77,773.3523948192596,778.3423521518707,Light_XM,Light_XM,True
R5,full,raw_all,/home/lmy/iot-device-classification/dataset/light_xm/round5_positionB/light_xm_r5.pcapng,78,783.3633029460907,787.1267549991608,Light_XM,Light_XM,True
R5,full,raw_all,/home/lmy/iot-device-classification/dataset/light_xm/round5_positionB/light_xm_r5.pcapng,79,793.3721702098846,798.5639533996582,Light_XM,Light_XM,True
R5,full,raw_all,/home/lmy/iot-device-classification/dataset/light_xm/round5_positionB/light_xm_r5.pcapng,80,803.3826560974121,807.4619381427765,Light_XM,Light_T1,False
R5,full,raw_all,/home/lmy/iot-device-classification/dataset/light_xm/round5_positionB/light_xm_r5.pcapng,81,810.3850252628326,818.4825053215027,Light_XM,Light_XM,True
R5,full,raw_all,/home/lmy/iot-device-classification/dataset/light_xm/round5_positionB/light_xm_r5.pcapng,82,823.402918100357,829.5842399597168,Light_XM,Light_XM,True
R5,full,raw_all,/home/lmy/iot-device-classification/dataset/light_xm/round5_positionB/light_xm_r5.pcapng,83,833.412520647049,837.1616678237915,Light_XM,Light_T1,False
R5,full,raw_all,/home/lmy/iot-device-classification/dataset/light_xm/round5_positionB/light_xm_r5.pcapng,84,843.421950340271,849.222246170044,Light_XM,Light_XM,True
R5,full,raw_all,/home/lmy/iot-device-classification/dataset/light_xm/round5_positionB/light_xm_r5.pcapng,85,853.432562828064,858.6364071369171,Light_XM,Light_XM,True
R5,full,raw_all,/home/lmy/iot-device-classification/dataset/light_xm/round5_positionB/light_xm_r5.pcapng,86,861.5044763088226,867.4411635398865,Light_XM,Light_XM,True
R5,full,raw_all,/home/lmy/iot-device-classification/dataset/light_xm/round5_positionB/light_xm_r5.pcapng,87,873.4521484375,879.3618288040161,Light_XM,Light_XM,True
R5,full,raw_all,/home/lmy/iot-device-classification/dataset/light_xm/round5_positionB/light_xm_r5.pcapng,88,883.4620616436005,888.5633456707001,Light_XM,Light_XM,True
R5,full,raw_all,/home/lmy/iot-device-classification/dataset/light_xm/round5_positionB/light_xm_r5.pcapng,89,893.4724073410034,897.4814691543579,Light_XM,Light_T1,False
R5,full,raw_all,/home/lmy/iot-device-classification/dataset/light_xm/round5_positionB/light_xm_r5.pcapng,90,903.4823694229126,907.4171776771544,Light_XM,Light_XM,True
R5,full,raw_all,/home/lmy/iot-device-classification/dataset/light_xm/round5_positionB/light_xm_r5.pcapng,91,913.4926521778108,919.4441273212432,Light_XM,Light_XM,True
R5,full,raw_all,/home/lmy/iot-device-classification/dataset/light_xm/round5_positionB/light_xm_r5.pcapng,92,921.9840326309204,929.3514921665192,Light_XM,Light_XM,True
R5,full,raw_all,/home/lmy/iot-device-classification/dataset/light_xm/round5_positionB/light_xm_r5.pcapng,93,931.320850610733,938.5855884552002,Light_XM,Light_XM,True
R5,full,raw_all,/home/lmy/iot-device-classification/dataset/light_xm/round5_positionB/light_xm_r5.pcapng,94,943.5228853225708,947.49724817276,Light_XM,Light_XM,True
R5,full,raw_all,/home/lmy/iot-device-classification/dataset/light_xm/round5_positionB/light_xm_r5.pcapng,95,953.5327093601228,957.910055398941,Light_XM,Light_T1,False
R5,full,raw_all,/home/lmy/iot-device-classification/dataset/light_xm/round5_positionB/light_xm_r5.pcapng,96,960.009316921234,969.4028685092926,Light_XM,Light_XM,True
R5,full,raw_all,/home/lmy/iot-device-classification/dataset/light_xm/round5_positionB/light_xm_r5.pcapng,97,972.9693665504456,978.5927884578704,Light_XM,Light_XM,True
R5,full,raw_all,/home/lmy/iot-device-classification/dataset/light_xm/round5_positionB/light_xm_r5.pcapng,98,983.5426108837128,988.0568878650664,Light_XM,Light_T1,False
R5,full,raw_all,/home/lmy/iot-device-classification/dataset/light_xm/round5_positionB/light_xm_r5.pcapng,99,990.1893455982208,999.0234360694884,Light_XM,Light_XM,True
R5,full,raw_all,/home/lmy/iot-device-classification/dataset/light_xm/round5_positionB/light_xm_r5.pcapng,100,1003.5832352638243,1008.3795125484468,Light_XM,Light_XM,True
R5,full,raw_all,/home/lmy/iot-device-classification/dataset/light_xm/round5_positionB/light_xm_r5.pcapng,101,1013.5944149494172,1018.2886412143708,Light_XM,Light_T1,False
R5,full,raw_all,/home/lmy/iot-device-classification/dataset/light_xm/round5_positionB/light_xm_r5.pcapng,102,1020.4460446834564,1029.6788926124573,Light_XM,Light_XM,True
R5,full,raw_all,/home/lmy/iot-device-classification/dataset/light_xm/round5_positionB/light_xm_r5.pcapng,103,1030.301743030548,1039.0827100276947,Light_XM,Light_XM,True
R5,full,raw_all,/home/lmy/iot-device-classification/dataset/light_xm/round5_positionB/light_xm_r5.pcapng,104,1043.6223800182345,1048.4378037452698,Light_XM,Light_XM,True
R5,full,raw_all,/home/lmy/iot-device-classification/dataset/light_xm/round5_positionB/light_xm_r5.pcapng,105,1053.6342813968658,1058.409121274948,Light_XM,Light_XM,True
R5,full,raw_all,/home/lmy/iot-device-classification/dataset/light_xm/round5_positionB/light_xm_r5.pcapng,106,1060.0029656887054,1069.3523197174072,Light_XM,Light_XM,True
R5,full,raw_all,/home/lmy/iot-device-classification/dataset/light_xm/round5_positionB/light_xm_r5.pcapng,107,1073.54372215271,1078.6511261463163,Light_XM,Light_T1,False
R5,full,raw_all,/home/lmy/iot-device-classification/dataset/light_xm/round5_positionB/light_xm_r5.pcapng,108,1081.424771308899,1088.510332107544,Light_XM,Light_XM,True
R5,full,raw_all,/home/lmy/iot-device-classification/dataset/light_xm/round5_positionB/light_xm_r5.pcapng,109,1090.1579678058624,1099.471347808838,Light_XM,Light_XM,True
R5,full,raw_all,/home/lmy/iot-device-classification/dataset/light_xm/round5_positionB/light_xm_r5.pcapng,110,1103.6829237937927,1109.332471370697,Light_XM,Light_T1,False
R5,full,raw_all,/home/lmy/iot-device-classification/dataset/light_xm/round5_positionB/light_xm_r5.pcapng,111,1113.532307624817,1118.670370578766,Light_XM,Light_XM,True
R5,full,raw_all,/home/lmy/iot-device-classification/dataset/light_xm/round5_positionB/light_xm_r5.pcapng,112,1121.3805630207062,1128.549958705902,Light_XM,Light_XM,True
R5,full,raw_all,/home/lmy/iot-device-classification/dataset/light_xm/round5_positionB/light_xm_r5.pcapng,113,1131.2387974262238,1138.9907131195068,Light_XM,Light_XM,True
R5,full,raw_all,/home/lmy/iot-device-classification/dataset/light_xm/round5_positionB/light_xm_r5.pcapng,114,1140.0909645557404,1149.4164361953735,Light_XM,Light_XM,True
R5,full,raw_all,/home/lmy/iot-device-classification/dataset/light_xm/round5_positionB/light_xm_r5.pcapng,115,1153.732272863388,1159.2924234867096,Light_XM,Light_XM,True
R5,full,raw_all,/home/lmy/iot-device-classification/dataset/light_xm/round5_positionB/light_xm_r5.pcapng,116,1163.8723833560944,1169.1988036632538,Light_XM,Light_T1,False
R5,full,raw_all,/home/lmy/iot-device-classification/dataset/light_xm/round5_positionB/light_xm_r5.pcapng,117,1171.2982156276703,1179.0298941135406,Light_XM,Light_XM,True
R5,full,raw_all,/home/lmy/iot-device-classification/dataset/light_xm/round5_positionB/light_xm_r5.pcapng,118,1180.0787212848663,1189.484309673309,Light_XM,Light_XM,True
R5,full,raw_all,/home/lmy/iot-device-classification/dataset/light_xm/round5_positionB/light_xm_r5.pcapng,119,1191.3224093914032,1199.5324647426603,Light_XM,Light_T1,False
R5,full,raw_all,/home/lmy/iot-device-classification/dataset/light_xm/round5_positionB/light_xm_r5.pcapng,120,1203.51860332489,1209.471666574478,Light_XM,Light_T1,False
R5,full,raw_all,/home/lmy/iot-device-classification/dataset/light_xm/round5_positionB/light_xm_r5.pcapng,121,1211.3724582195282,1219.5923030376434,Light_XM,Light_XM,True
R5,full,raw_all,/home/lmy/iot-device-classification/dataset/light_xm/round5_positionB/light_xm_r5.pcapng,122,1220.1521408557892,1229.5704972743988,Light_XM,Light_T1,False
R5,full,raw_all,/home/lmy/iot-device-classification/dataset/light_xm/round5_positionB/light_xm_r5.pcapng,123,1233.8124661445618,1239.447200536728,Light_XM,Light_XM,True
R5,full,raw_all,/home/lmy/iot-device-classification/dataset/light_xm/round5_positionB/light_xm_r5.pcapng,124,1243.823207616806,1249.8392016887665,Light_XM,Light_XM,True
R5,full,raw_all,/home/lmy/iot-device-classification/dataset/light_xm/round5_positionB/light_xm_r5.pcapng,125,1250.0479414463043,1259.672632932663,Light_XM,Light_T1,False
R5,full,raw_all,/home/lmy/iot-device-classification/dataset/light_xm/round5_positionB/light_xm_r5.pcapng,126,1260.4508728981018,1269.548684835434,Light_XM,Light_XM,True
R5,full,raw_all,/home/lmy/iot-device-classification/dataset/light_xm/round5_positionB/light_xm_r5.pcapng,127,1270.0378112792969,1279.9885985851288,Light_XM,Light_XM,True
R5,full,raw_all,/home/lmy/iot-device-classification/dataset/light_xm/round5_positionB/light_xm_r5.pcapng,128,1280.0378677845,1289.890364408493,Light_XM,Light_T1,False
R5,full,raw_all,/home/lmy/iot-device-classification/dataset/light_xm/round5_positionB/light_xm_r5.pcapng,129,1293.5301616191864,1299.8234305381775,Light_XM,Light_XM,True
R5,full,raw_all,/home/lmy/iot-device-classification/dataset/light_xm/round5_positionB/light_xm_r5.pcapng,130,1300.2572357654572,1309.7505052089691,Light_XM,Light_XM,True
R5,full,raw_all,/home/lmy/iot-device-classification/dataset/light_xm/round5_positionB/light_xm_r5.pcapng,131,1310.1494166851044,1319.8091220855713,Light_XM,Light_T1,False
R5,full,raw_all,/home/lmy/iot-device-classification/dataset/light_xm/round5_positionB/light_xm_r5.pcapng,132,1320.33335852623,1329.9960026741028,Light_XM,Light_T1,False
R5,full,raw_all,/home/lmy/iot-device-classification/dataset/light_xm/round5_positionB/light_xm_r5.pcapng,133,1330.3778522014618,1339.9288184642792,Light_XM,Light_T1,False
R5,full,raw_all,/home/lmy/iot-device-classification/dataset/light_xm/round5_positionB/light_xm_r5.pcapng,134,1340.3300249576569,1349.8937792778015,Light_XM,Light_T1,False
R5,full,raw_all,/home/lmy/iot-device-classification/dataset/light_xm/round5_positionB/light_xm_r5.pcapng,135,1350.0108528137207,1359.9665179252625,Light_XM,Light_XM,True
R5,full,raw_all,/home/lmy/iot-device-classification/dataset/light_xm/round5_positionB/light_xm_r5.pcapng,136,1360.069301366806,1363.9443440437317,Light_XM,Light_XM,True
R5,full,raw_all,/home/lmy/iot-device-classification/dataset/light_xm/round5_positionB/light_xm_r5.pcapng,137,1370.0419528484344,1379.6316044330597,Light_XM,Light_XM,True
R5,full,raw_all,/home/lmy/iot-device-classification/dataset/light_xm/round5_positionB/light_xm_r5.pcapng,138,1380.132182598114,1388.658168554306,Light_XM,Light_XM,True
R5,full,raw_all,/home/lmy/iot-device-classification/dataset/light_xm/round5_positionB/light_xm_r5.pcapng,139,1390.2038378715515,1393.9725878238678,Light_XM,Light_XM,True
R5,full,raw_all,/home/lmy/iot-device-classification/dataset/light_xm/round5_positionB/light_xm_r5.pcapng,140,1400.332332611084,1407.4530925750732,Light_XM,Light_T1,False
R5,full,raw_all,/home/lmy/iot-device-classification/dataset/light_xm/round5_positionB/light_xm_r5.pcapng,141,1410.467947721481,1414.0300316810608,Light_XM,Light_T1,False
R5,full,raw_all,/home/lmy/iot-device-classification/dataset/light_xm/round5_positionB/light_xm_r5.pcapng,142,1420.4011161327362,1428.56174826622,Light_XM,Light_XM,True
R5,full,raw_all,/home/lmy/iot-device-classification/dataset/light_xm/round5_positionB/light_xm_r5.pcapng,143,1430.4413714408877,1437.3434381484983,Light_XM,Light_T1,False
R5,full,raw_all,/home/lmy/iot-device-classification/dataset/light_xm/round5_positionB/light_xm_r5.pcapng,144,1440.5214262008667,1444.0353648662567,Light_XM,Light_XM,True
R5,full,raw_all,/home/lmy/iot-device-classification/dataset/light_xm/round5_positionB/light_xm_r5.pcapng,145,1450.8620629310608,1458.561369895935,Light_XM,Light_XM,True
R5,full,raw_all,/home/lmy/iot-device-classification/dataset/light_xm/round5_positionB/light_xm_r5.pcapng,146,1460.7001492977142,1467.439570903778,Light_XM,Light_T1,False
R5,full,raw_all,/home/lmy/iot-device-classification/dataset/light_xm/round5_positionB/light_xm_r5.pcapng,147,1470.7421684265137,1478.583945274353,Light_XM,Light_XM,True
R5,full,raw_all,/home/lmy/iot-device-classification/dataset/light_xm/round5_positionB/light_xm_r5.pcapng,148,1480.7909548282623,1484.0636348724363,Light_XM,Light_XM,True
R5,full,raw_all,/home/lmy/iot-device-classification/dataset/light_xm/round5_positionB/light_xm_r5.pcapng,149,1490.8514156341553,1497.4111087322235,Light_XM,Light_T1,False
R5,full,raw_all,/home/lmy/iot-device-classification/dataset/light_xm/round5_positionB/light_xm_r5.pcapng,150,1500.9209773540497,1505.9854629039764,Light_XM,Light_XM,True
R5,full,raw_all,/home/lmy/iot-device-classification/dataset/light_xm/round5_positionB/light_xm_r5.pcapng,151,1511.0013241767883,1518.6189894676208,Light_XM,Light_XM,True
R5,full,raw_all,/home/lmy/iot-device-classification/dataset/light_xm/round5_positionB/light_xm_r5.pcapng,152,1521.0793924331665,1527.4487538337708,Light_XM,Light_T1,False
R5,full,raw_all,/home/lmy/iot-device-classification/dataset/light_xm/round5_positionB/light_xm_r5.pcapng,153,1531.1713390350342,1539.184733390808,Light_XM,Light_XM,True
R5,full,raw_all,/home/lmy/iot-device-classification/dataset/light_xm/round5_positionB/light_xm_r5.pcapng,154,1541.220819234848,1544.122466802597,Light_XM,Light_T1,False
R5,full,raw_all,/home/lmy/iot-device-classification/dataset/light_xm/round5_positionB/light_xm_r5.pcapng,155,1551.3498649597168,1557.4626591205597,Light_XM,Light_XM,True
R5,full,raw_all,/home/lmy/iot-device-classification/dataset/light_xm/round5_positionB/light_xm_r5.pcapng,156,1560.4491312503817,1568.5838799476624,Light_XM,Light_T1,False
R5,full,raw_all,/home/lmy/iot-device-classification/dataset/light_xm/round5_positionB/light_xm_r5.pcapng,157,1571.4213132858276,1578.675442457199,Light_XM,Light_XM,True
R5,full,raw_all,/home/lmy/iot-device-classification/dataset/light_xm/round5_positionB/light_xm_r5.pcapng,158,1581.4989025592804,1587.494613647461,Light_XM,Light_XM,True
R5,full,raw_all,/home/lmy/iot-device-classification/dataset/light_xm/round5_positionB/light_xm_r5.pcapng,159,1591.5507202148438,1594.227234840393,Light_XM,Light_XM,True
R5,full,raw_all,/home/lmy/iot-device-classification/dataset/light_xm/round5_positionB/light_xm_r5.pcapng,160,1601.5948960781095,1608.5609703063965,Light_XM,Light_XM,True
R5,full,raw_all,/home/lmy/iot-device-classification/dataset/light_xm/round5_positionB/light_xm_r5.pcapng,161,1611.7211802005768,1617.5186285972595,Light_XM,Light_T1,False
R5,full,raw_all,/home/lmy/iot-device-classification/dataset/light_xm/round5_positionB/light_xm_r5.pcapng,162,1621.791656255722,1624.204342365265,Light_XM,Light_XM,True
R5,full,raw_all,/home/lmy/iot-device-classification/dataset/light_xm/round5_positionB/light_xm_r5.pcapng,163,1630.718910932541,1636.9424209594729,Light_XM,Light_XM,True
R5,full,raw_all,/home/lmy/iot-device-classification/dataset/light_xm/round5_positionB/light_xm_r5.pcapng,164,1641.9738042354584,1647.5486853122711,Light_XM,Light_XM,True
R5,full,raw_all,/home/lmy/iot-device-classification/dataset/light_xm/round5_positionB/light_xm_r5.pcapng,165,1651.9921600818634,1658.7146649360657,Light_XM,Light_XM,True
R5,full,raw_all,/home/lmy/iot-device-classification/dataset/light_xm/round5_positionB/light_xm_r5.pcapng,166,1662.0300846099854,1664.244381427765,Light_XM,Light_XM,True
R5,full,raw_all,/home/lmy/iot-device-classification/dataset/light_xm/round5_positionB/light_xm_r5.pcapng,167,1672.0910875797272,1677.5806286334991,Light_XM,Light_XM,True
R5,full,raw_all,/home/lmy/iot-device-classification/dataset/light_xm/round5_positionB/light_xm_r5.pcapng,168,1680.6342604160309,1684.2645716667175,Light_XM,Light_XM,True
R5,full,raw_all,/home/lmy/iot-device-classification/dataset/light_xm/round5_positionB/light_xm_r5.pcapng,169,1691.0343525409698,1698.5940082073212,Light_XM,Light_XM,True
R5,full,raw_all,/home/lmy/iot-device-classification/dataset/light_xm/round5_positionB/light_xm_r5.pcapng,170,1702.3303496837616,1707.636193037033,Light_XM,Light_T1,False
R5,full,raw_all,/home/lmy/iot-device-classification/dataset/light_xm/round5_positionB/light_xm_r5.pcapng,171,1712.4011850357056,1717.501620054245,Light_XM,Light_XM,True
R5,full,raw_all,/home/lmy/iot-device-classification/dataset/light_xm/round5_positionB/light_xm_r5.pcapng,172,1722.4418125152588,1724.3041536808014,Light_XM,Light_XM,True
R5,full,raw_all,/home/lmy/iot-device-classification/dataset/light_xm/round5_positionB/light_xm_r5.pcapng,173,1730.5545303821564,1737.637400150299,Light_XM,Light_T1,False
R5,full,raw_all,/home/lmy/iot-device-classification/dataset/light_xm/round5_positionB/light_xm_r5.pcapng,174,1740.9548082351685,1748.5996248722076,Light_XM,Light_XM,True
R5,full,raw_all,/home/lmy/iot-device-classification/dataset/light_xm/round5_positionB/light_xm_r5.pcapng,175,1751.9258365631104,1755.9815990924835,Light_XM,Light_XM,True
R5,full,raw_all,/home/lmy/iot-device-classification/dataset/light_xm/round5_positionB/light_xm_r5.pcapng,176,1762.7193942070007,1767.670490026474,Light_XM,Light_T1,False
R5,full,raw_all,/home/lmy/iot-device-classification/dataset/light_xm/round5_positionB/light_xm_r5.pcapng,177,1772.790682554245,1775.614984035492,Light_XM,Light_XM,True
R5,full,raw_all,/home/lmy/iot-device-classification/dataset/light_xm/round5_positionB/light_xm_r5.pcapng,178,1782.5546765327454,1788.6309611797333,Light_XM,Light_XM,True
R5,full,raw_all,/home/lmy/iot-device-classification/dataset/light_xm/round5_positionB/light_xm_r5.pcapng,179,1792.9506900310516,1797.9838852882383,Light_XM,Light_T1,False
R5,full,raw_all,/home/lmy/iot-device-classification/dataset/light_xm/round5_positionB/light_xm_r5.pcapng,180,1803.0311357975008,1809.3799457550049,Light_XM,Light_XM,True
R5,full,raw_all,/home/lmy/iot-device-classification/dataset/light_xm/round5_positionB/light_xm_r5.pcapng,181,1812.385222196579,1818.5604145526888,Light_XM,Light_XM,True
R5,full,raw_all,/home/lmy/iot-device-classification/dataset/light_xm/round5_positionB/light_xm_r5.pcapng,182,1821.414584636688,1827.8361530303955,Light_XM,Light_XM,True
R5,full,raw_all,/home/lmy/iot-device-classification/dataset/light_xm/round5_positionB/light_xm_r5.pcapng,183,1833.219977617264,1838.583803653717,Light_XM,Light_XM,True
R5,full,raw_all,/home/lmy/iot-device-classification/dataset/light_xm/round5_positionB/light_xm_r5.pcapng,184,1843.2619500160215,1848.5144214630127,Light_XM,Light_XM,True
R5,full,raw_all,/home/lmy/iot-device-classification/dataset/light_xm/round5_positionB/light_xm_r5.pcapng,185,1853.3296875953677,1857.7609906196597,Light_XM,Light_XM,True
R5,full,raw_all,/home/lmy/iot-device-classification/dataset/light_xm/round5_positionB/light_xm_r5.pcapng,186,1860.4053826332088,1869.2360916137693,Light_XM,Light_T1,False
R5,full,raw_all,/home/lmy/iot-device-classification/dataset/light_xm/round5_positionB/light_xm_r5.pcapng,187,1871.9938333034515,1878.573165178299,Light_XM,Light_XM,True
R5,full,raw_all,/home/lmy/iot-device-classification/dataset/light_xm/round5_positionB/light_xm_r5.pcapng,188,1883.5096309185028,1887.7844314575195,Light_XM,Light_T1,False
R5,full,raw_all,/home/lmy/iot-device-classification/dataset/light_xm/round5_positionB/light_xm_r5.pcapng,189,1893.58983707428,1895.7895860672,Light_XM,Light_XM,True
R5,full,raw_all,/home/lmy/iot-device-classification/dataset/light_xm/round5_positionB/light_xm_r5.pcapng,190,1903.1944274902344,1908.7043669223783,Light_XM,Light_XM,True
R5,full,raw_all,/home/lmy/iot-device-classification/dataset/light_xm/round5_positionB/light_xm_r5.pcapng,191,1913.7198300361636,1917.8171501159668,Light_XM,Light_XM,True
R5,full,raw_all,/home/lmy/iot-device-classification/dataset/light_xm/round5_positionB/light_xm_r5.pcapng,192,1921.9146525859835,1929.7061154842377,Light_XM,Light_XM,True
R5,full,raw_all,/home/lmy/iot-device-classification/dataset/light_xm/round5_positionB/light_xm_r5.pcapng,193,1933.8698737621307,1938.9472098350525,Light_XM,Light_XM,True
R5,full,raw_all,/home/lmy/iot-device-classification/dataset/light_xm/round5_positionB/light_xm_r5.pcapng,194,1943.8564336299896,1949.167694568634,Light_XM,Light_XM,True
R5,full,raw_all,/home/lmy/iot-device-classification/dataset/light_xm/round5_positionB/light_xm_r5.pcapng,195,1951.1694078445437,1954.534903287888,Light_XM,Light_T1,False
R5,full,raw_all,/home/lmy/iot-device-classification/dataset/light_xm/round5_positionB/light_xm_r5.pcapng,196,1961.4355642795565,1969.2269642353056,Light_XM,Light_XM,True
R5,full,raw_all,/home/lmy/iot-device-classification/dataset/light_xm/round5_positionB/light_xm_r5.pcapng,197,1973.5394127368927,1977.8743739128115,Light_XM,Light_T1,False
R5,full,raw_all,/home/lmy/iot-device-classification/dataset/light_xm/round5_positionB/light_xm_r5.pcapng,198,1982.2432281970976,1984.56413769722,Light_XM,Light_XM,True
R5,full,raw_all,/home/lmy/iot-device-classification/dataset/light_xm/round5_positionB/light_xm_r5.pcapng,199,1992.6338396072388,1999.3441660404203,Light_XM,Light_XM,True
R5,full,raw_all,/home/lmy/iot-device-classification/dataset/light_xm/round5_positionB/light_xm_r5.pcapng,200,2004.33974981308,2007.906566143036,Light_XM,Light_XM,True
R5,full,raw_all,/home/lmy/iot-device-classification/dataset/light_xm/round5_positionB/light_xm_r5.pcapng,201,2013.51376247406,2018.5841183662412,Light_XM,Light_XM,True
R5,full,raw_all,/home/lmy/iot-device-classification/dataset/light_xm/round5_positionB/light_xm_r5.pcapng,202,2020.2135598659515,2029.5036709308624,Light_XM,Light_XM,True
R5,full,raw_all,/home/lmy/iot-device-classification/dataset/light_xm/round5_positionB/light_xm_r5.pcapng,203,2034.5436444282527,2037.934720993042,Light_XM,Light_XM,True
R5,full,raw_all,/home/lmy/iot-device-classification/dataset/light_xm/round5_positionB/light_xm_r5.pcapng,204,2044.6226692199707,2046.412163734436,Light_XM,Light_XM,True
R5,full,raw_all,/home/lmy/iot-device-classification/dataset/light_xm/round5_positionB/light_xm_r5.pcapng,205,2052.9538576602936,2059.6644716262817,Light_XM,Light_XM,True
R5,full,raw_all,/home/lmy/iot-device-classification/dataset/light_xm/round5_positionB/light_xm_r5.pcapng,206,2063.540561437607,2069.9773094654083,Light_XM,Light_XM,True
R5,full,raw_all,/home/lmy/iot-device-classification/dataset/light_xm/round5_positionB/light_xm_r5.pcapng,207,2074.6531496047974,2076.0437457561493,Light_XM,Light_XM,True
R5,full,raw_all,/home/lmy/iot-device-classification/dataset/light_xm/round5_positionB/light_xm_r5.pcapng,208,2084.1540489196777,2089.904599905014,Light_XM,Light_XM,True
R5,full,raw_all,/home/lmy/iot-device-classification/dataset/light_xm/round5_positionB/light_xm_r5.pcapng,209,2094.673082590103,2097.99511885643,Light_XM,Light_XM,True
R5,full,raw_all,/home/lmy/iot-device-classification/dataset/light_xm/round5_positionB/light_xm_r5.pcapng,210,2103.5135736465454,2108.582184076309,Light_XM,Light_XM,True
R5,full,raw_all,/home/lmy/iot-device-classification/dataset/light_xm/round5_positionB/light_xm_r5.pcapng,211,2114.6929593086243,2116.1647205352783,Light_XM,Light_XM,True
R5,full,raw_all,/home/lmy/iot-device-classification/dataset/light_xm/round5_positionB/light_xm_r5.pcapng,212,2120.142895698548,2128.0261085033417,Light_XM,Light_T1,False
R5,full,raw_all,/home/lmy/iot-device-classification/dataset/light_xm/round5_positionB/light_xm_r5.pcapng,213,2134.083792924881,2138.074992418289,Light_XM,Light_XM,True
R5,full,raw_all,/home/lmy/iot-device-classification/dataset/light_xm/round5_positionB/light_xm_r5.pcapng,214,2144.473222732544,2148.551658630371,Light_XM,Light_XM,True
R5,full,raw_all,/home/lmy/iot-device-classification/dataset/light_xm/round5_positionB/light_xm_r5.pcapng,215,2150.3878498077397,2158.0639777183533,Light_XM,Light_T1,False
R5,full,raw_all,/home/lmy/iot-device-classification/dataset/light_xm/round5_positionB/light_xm_r5.pcapng,216,2160.4030702114105,2168.2344188690186,Light_XM,Light_T1,False
R5,full,raw_all,/home/lmy/iot-device-classification/dataset/light_xm/round5_positionB/light_xm_r5.pcapng,217,2173.23347902298,2178.6125378608704,Light_XM,Light_XM,True
R5,full,raw_all,/home/lmy/iot-device-classification/dataset/light_xm/round5_positionB/light_xm_r5.pcapng,218,2183.543346643448,2188.083338499069,Light_XM,Light_T1,False
R5,full,raw_all,/home/lmy/iot-device-classification/dataset/light_xm/round5_positionB/light_xm_r5.pcapng,219,2193.525292158127,2198.7439172267914,Light_XM,Light_XM,True
R5,full,raw_all,/home/lmy/iot-device-classification/dataset/light_xm/round5_positionB/light_xm_r5.pcapng,220,2200.625975370407,2208.3741598129272,Light_XM,Light_XM,True
R5,full,raw_all,/home/lmy/iot-device-classification/dataset/light_xm/round5_positionB/light_xm_r5.pcapng,221,2214.792990922928,2218.113555908203,Light_XM,Light_XM,True
R5,full,raw_all,/home/lmy/iot-device-classification/dataset/light_xm/round5_positionB/light_xm_r5.pcapng,222,2223.522801399231,2229.258311033249,Light_XM,Light_XM,True
R5,full,raw_all,/home/lmy/iot-device-classification/dataset/light_xm/round5_positionB/light_xm_r5.pcapng,223,2234.8146517276764,2238.5557329654694,Light_XM,Light_XM,True
R5,full,raw_all,/home/lmy/iot-device-classification/dataset/light_xm/round5_positionB/light_xm_r5.pcapng,224,2243.5419569015503,2248.1508836746216,Light_XM,Light_T1,False
R5,full,raw_all,/home/lmy/iot-device-classification/dataset/light_xm/round5_positionB/light_xm_r5.pcapng,225,2251.0253841876984,2256.4972417354584,Light_XM,Light_XM,True
R5,full,raw_all,/home/lmy/iot-device-classification/dataset/light_xm/round5_positionB/light_xm_r5.pcapng,226,2263.03751540184,2268.2307937145238,Light_XM,Light_XM,True
R5,full,raw_all,/home/lmy/iot-device-classification/dataset/light_xm/round5_positionB/light_xm_r5.pcapng,227,2274.861639022827,2278.178430080414,Light_XM,Light_XM,True
R5,full,raw_all,/home/lmy/iot-device-classification/dataset/light_xm/round5_positionB/light_xm_r5.pcapng,228,2283.5183942317963,2289.097826480865,Light_XM,Light_XM,True
R5,full,raw_all,/home/lmy/iot-device-classification/dataset/light_xm/round5_positionB/light_xm_r5.pcapng,229,2294.8832108974457,2298.5669333934784,Light_XM,Light_XM,True
R5,full,raw_all,/home/lmy/iot-device-classification/dataset/light_xm/round5_positionB/light_xm_r5.pcapng,230,2301.350910425186,2308.290197134018,Light_XM,Light_XM,True
R5,full,raw_all,/home/lmy/iot-device-classification/dataset/light_xm/round5_positionB/light_xm_r5.pcapng,231,2310.701414823532,2319.2971680164337,Light_XM,Light_XM,True
R5,full,raw_all,/home/lmy/iot-device-classification/dataset/light_xm/round5_positionB/light_xm_r5.pcapng,232,2324.9140956401825,2328.572751045227,Light_XM,Light_XM,True
R5,full,raw_all,/home/lmy/iot-device-classification/dataset/light_xm/round5_positionB/light_xm_r5.pcapng,233,2333.550094604492,2338.247730493545,Light_XM,Light_T1,False
R5,full,raw_all,/home/lmy/iot-device-classification/dataset/light_xm/round5_positionB/light_xm_r5.pcapng,234,2344.2702646255493,2349.4472336769104,Light_XM,Light_XM,True
R5,full,raw_all,/home/lmy/iot-device-classification/dataset/light_xm/round5_positionB/light_xm_r5.pcapng,235,2351.6745688915253,2359.348436117172,Light_XM,Light_XM,True
R5,full,raw_all,/home/lmy/iot-device-classification/dataset/light_xm/round5_positionB/light_xm_r5.pcapng,236,2364.958636045456,2368.280560493469,Light_XM,Light_XM,True
R5,full,raw_all,/home/lmy/iot-device-classification/dataset/light_xm/round5_positionB/light_xm_r5.pcapng,237,2373.527570009232,2378.6629114151,Light_XM,Light_T1,False
R5,full,raw_all,/home/lmy/iot-device-classification/dataset/light_xm/round5_positionB/light_xm_r5.pcapng,238,2384.981955766678,2387.88955616951,Light_XM,Light_XM,True
R5,full,raw_all,/home/lmy/iot-device-classification/dataset/light_xm/round5_positionB/light_xm_r5.pcapng,239,2394.990030527115,2399.3605687618256,Light_XM,Light_XM,True
R5,full,raw_all,/home/lmy/iot-device-classification/dataset/light_xm/round5_positionB/light_xm_r5.pcapng,240,2404.3996069431305,2409.637512922287,Light_XM,Light_XM,True
R5,full,raw_all,/home/lmy/iot-device-classification/dataset/light_xm/round5_positionB/light_xm_r5.pcapng,241,2412.560099840164,2418.607097387314,Light_XM,Light_XM,True
R5,full,raw_all,/home/lmy/iot-device-classification/dataset/light_xm/round5_positionB/light_xm_r5.pcapng,242,2421.590217351913,2428.345186471939,Light_XM,Light_T1,False
R5,full,raw_all,/home/lmy/iot-device-classification/dataset/light_xm/round5_positionB/light_xm_r5.pcapng,243,2435.033407211304,2439.435786485672,Light_XM,Light_XM,True
R5,full,raw_all,/home/lmy/iot-device-classification/dataset/light_xm/round5_positionB/light_xm_r5.pcapng,244,2445.043711423874,2449.377256631851,Light_XM,Light_XM,True
R5,full,raw_all,/home/lmy/iot-device-classification/dataset/light_xm/round5_positionB/light_xm_r5.pcapng,245,2453.793285369873,2458.371786832809,Light_XM,Light_XM,True
R5,full,raw_all,/home/lmy/iot-device-classification/dataset/light_xm/round5_positionB/light_xm_r5.pcapng,246,2460.5100224018097,2468.7957334518437,Light_XM,Light_T1,False
R5,full,raw_all,/home/lmy/iot-device-classification/dataset/light_xm/round5_positionB/light_xm_r5.pcapng,247,2470.185300588608,2478.986546993256,Light_XM,Light_XM,True
R5,full,raw_all,/home/lmy/iot-device-classification/dataset/light_xm/round5_positionB/light_xm_r5.pcapng,248,2485.087818861008,2488.406397342682,Light_XM,Light_XM,True
R5,full,raw_all,/home/lmy/iot-device-classification/dataset/light_xm/round5_positionB/light_xm_r5.pcapng,249,2495.100498437881,2498.255119800568,Light_XM,Light_XM,True
R5,full,raw_all,/home/lmy/iot-device-classification/dataset/light_xm/round5_positionB/light_xm_r5.pcapng,250,2500.4081885814667,2509.2130439281464,Light_XM,Light_XM,True
R5,full,raw_all,/home/lmy/iot-device-classification/dataset/light_xm/round5_positionB/light_xm_r5.pcapng,251,2513.563643217087,2518.440570116043,Light_XM,Light_T1,False
R5,full,raw_all,/home/lmy/iot-device-classification/dataset/light_xm/round5_positionB/light_xm_r5.pcapng,252,2525.130127191544,2529.94713306427,Light_XM,Light_XM,True
R5,full,raw_all,/home/lmy/iot-device-classification/dataset/light_xm/round5_positionB/light_xm_r5.pcapng,253,2530.049716234207,2539.371093273163,Light_XM,Light_XM,True
R5,full,raw_all,/home/lmy/iot-device-classification/dataset/light_xm/round5_positionB/light_xm_r5.pcapng,254,2543.5661404132843,2548.710507631302,Light_XM,Light_T1,False
R5,full,raw_all,/home/lmy/iot-device-classification/dataset/light_xm/round5_positionB/light_xm_r5.pcapng,255,2551.399008512497,2558.5918583869934,Light_XM,Light_T1,False
R5,full,raw_all,/home/lmy/iot-device-classification/dataset/light_xm/round5_positionB/light_xm_r5.pcapng,256,2560.5766472816467,2568.4913153648376,Light_XM,Light_T1,False
R5,full,raw_all,/home/lmy/iot-device-classification/dataset/light_xm/round5_positionB/light_xm_r5.pcapng,257,2570.131913661957,2579.476125001908,Light_XM,Light_T1,False
R5,full,raw_all,/home/lmy/iot-device-classification/dataset/light_xm/round5_positionB/light_xm_r5.pcapng,258,2583.8926672935486,2589.301050186157,Light_XM,Light_XM,True
R5,full,raw_all,/home/lmy/iot-device-classification/dataset/light_xm/round5_positionB/light_xm_r5.pcapng,259,2594.55925488472,2599.6131258010864,Light_XM,Light_XM,True
R5,full,raw_all,/home/lmy/iot-device-classification/dataset/light_xm/round5_positionB/light_xm_r5.pcapng,260,2601.434468984604,2608.6428751945496,Light_XM,Light_T1,False
R5,full,raw_all,/home/lmy/iot-device-classification/dataset/light_xm/round5_positionB/light_xm_r5.pcapng,261,2611.2428348064423,2618.99525642395,Light_XM,Light_XM,True
R5,full,raw_all,/home/lmy/iot-device-classification/dataset/light_xm/round5_positionB/light_xm_r5.pcapng,262,2620.075181722641,2629.468561410904,Light_XM,Light_XM,True
R5,full,raw_all,/home/lmy/iot-device-classification/dataset/light_xm/round5_positionB/light_xm_r5.pcapng,263,2635.2488334178925,2639.384997606277,Light_XM,Light_T1,False
R5,full,raw_all,/home/lmy/iot-device-classification/dataset/light_xm/round5_positionB/light_xm_r5.pcapng,264,2641.423734903336,2649.1573860645294,Light_XM,Light_XM,True
R5,full,raw_all,/home/lmy/iot-device-classification/dataset/light_xm/round5_positionB/light_xm_r5.pcapng,265,2651.3042283058167,2659.0557854175568,Light_XM,Light_XM,True
R5,full,raw_all,/home/lmy/iot-device-classification/dataset/light_xm/round5_positionB/light_xm_r5.pcapng,266,2660.1594495773315,2669.617453813553,Light_XM,Light_XM,True
R5,full,raw_all,/home/lmy/iot-device-classification/dataset/light_xm/round5_positionB/light_xm_r5.pcapng,267,2673.36865401268,2679.4133818149567,Light_XM,Light_T1,False
R5,full,raw_all,/home/lmy/iot-device-classification/dataset/light_xm/round5_positionB/light_xm_r5.pcapng,268,2685.3020074367523,2689.305765151977,Light_XM,Light_XM,True
R5,full,raw_all,/home/lmy/iot-device-classification/dataset/light_xm/round5_positionB/light_xm_r5.pcapng,269,2691.459131002426,2699.1426181793213,Light_XM,Light_T1,False
R5,full,raw_all,/home/lmy/iot-device-classification/dataset/light_xm/round5_positionB/light_xm_r5.pcapng,270,2701.2668538093567,2709.566980600357,Light_XM,Light_XM,True
R5,full,raw_all,/home/lmy/iot-device-classification/dataset/light_xm/round5_positionB/light_xm_r5.pcapng,271,2710.079023361206,2719.851251602173,Light_XM,Light_XM,True
R5,full,raw_all,/home/lmy/iot-device-classification/dataset/light_xm/round5_positionB/light_xm_r5.pcapng,272,2725.467376232147,2729.8604533672333,Light_XM,Light_T1,False
R5,full,raw_all,/home/lmy/iot-device-classification/dataset/light_xm/round5_positionB/light_xm_r5.pcapng,273,2731.468645811081,2739.764981031418,Light_XM,Light_XM,True
R5,full,raw_all,/home/lmy/iot-device-classification/dataset/light_xm/round5_positionB/light_xm_r5.pcapng,274,2741.460795640945,2749.668398618698,Light_XM,Light_XM,True
R5,full,raw_all,/home/lmy/iot-device-classification/dataset/light_xm/round5_positionB/light_xm_r5.pcapng,275,2750.12872672081,2759.542445659637,Light_XM,Light_XM,True
R5,full,raw_all,/home/lmy/iot-device-classification/dataset/light_xm/round5_positionB/light_xm_r5.pcapng,276,2760.0090341567998,2769.969889402389,Light_XM,Light_XM,True
R5,full,raw_all,/home/lmy/iot-device-classification/dataset/light_xm/round5_positionB/light_xm_r5.pcapng,277,2770.021099090576,2779.950905561447,Light_XM,Light_XM,True
R5,full,raw_all,/home/lmy/iot-device-classification/dataset/light_xm/round5_positionB/light_xm_r5.pcapng,278,2780.0029792785645,2789.840836048126,Light_XM,Light_T1,False
R5,full,raw_all,/home/lmy/iot-device-classification/dataset/light_xm/round5_positionB/light_xm_r5.pcapng,279,2792.0418820381165,2799.861705303192,Light_XM,Light_T1,False
R5,full,raw_all,/home/lmy/iot-device-classification/dataset/light_xm/round5_positionB/light_xm_r5.pcapng,280,2800.190516233444,2809.941974401474,Light_XM,Light_XM,True
R5,full,raw_all,/home/lmy/iot-device-classification/dataset/light_xm/round5_positionB/light_xm_r5.pcapng,281,2810.0713596343994,2819.971477031708,Light_XM,Light_T1,False
R5,full,raw_all,/home/lmy/iot-device-classification/dataset/light_xm/round5_positionB/light_xm_r5.pcapng,282,2820.0651252269745,2828.6226935386658,Light_XM,Light_XM,True
R5,full,raw_all,/home/lmy/iot-device-classification/dataset/light_xm/round5_positionB/light_xm_r5.pcapng,283,2830.010400056839,2836.9840281009674,Light_XM,Light_XM,True
R5,full,raw_all,/home/lmy/iot-device-classification/dataset/light_xm/round5_positionB/light_xm_r5.pcapng,284,2840.023891210556,2848.782021760941,Light_XM,Light_T1,False
R5,full,raw_all,/home/lmy/iot-device-classification/dataset/light_xm/round5_positionB/light_xm_r5.pcapng,285,2850.4324436187744,2855.478191614151,Light_XM,Light_T1,False
R5,full,raw_all,/home/lmy/iot-device-classification/dataset/light_xm/round5_positionB/light_xm_r5.pcapng,286,2860.151947259903,2868.6094818115234,Light_XM,Light_XM,True
R5,full,raw_all,/home/lmy/iot-device-classification/dataset/light_xm/round5_positionB/light_xm_r5.pcapng,287,2870.222054243088,2878.814092874527,Light_XM,Light_T1,False
R5,full,raw_all,/home/lmy/iot-device-classification/dataset/light_xm/round5_positionB/light_xm_r5.pcapng,288,2880.35816693306,2885.5093398094177,Light_XM,Light_T1,False
R5,full,raw_all,/home/lmy/iot-device-classification/dataset/light_xm/round5_positionB/light_xm_r5.pcapng,289,2890.368883371353,2898.7636291980743,Light_XM,Light_XM,True
R5,full,raw_all,/home/lmy/iot-device-classification/dataset/light_xm/round5_positionB/light_xm_r5.pcapng,290,2900.4336457252502,2908.8484444618225,Light_XM,Light_T1,False
R5,full,raw_all,/home/lmy/iot-device-classification/dataset/light_xm/round5_positionB/light_xm_r5.pcapng,291,2910.5532126426697,2918.716794013977,Light_XM,Light_XM,True
R5,full,raw_all,/home/lmy/iot-device-classification/dataset/light_xm/round5_positionB/light_xm_r5.pcapng,292,2920.5541310310364,2925.552345752716,Light_XM,Light_XM,True
R5,full,raw_all,/home/lmy/iot-device-classification/dataset/light_xm/round5_positionB/light_xm_r5.pcapng,293,2930.689272403717,2938.875413417816,Light_XM,Light_T1,False
R5,full,raw_all,/home/lmy/iot-device-classification/dataset/light_xm/round5_positionB/light_xm_r5.pcapng,294,2940.7088012695312,2945.572688817978,Light_XM,Light_XM,True
R5,full,raw_all,/home/lmy/iot-device-classification/dataset/light_xm/round5_positionB/light_xm_r5.pcapng,295,2950.8671460151672,2958.605295658112,Light_XM,Light_XM,True
R5,full,raw_all,/home/lmy/iot-device-classification/dataset/light_xm/round5_positionB/light_xm_r5.pcapng,296,2960.8446838855743,2968.9679968357086,Light_XM,Light_T1,False
R5,full,raw_all,/home/lmy/iot-device-classification/dataset/light_xm/round5_positionB/light_xm_r5.pcapng,297,2971.1982128620148,2975.603102207184,Light_XM,Light_XM,True
R5,full,raw_all,/home/lmy/iot-device-classification/dataset/light_xm/round5_positionB/light_xm_r5.pcapng,298,2981.0162947177887,2985.614685535431,Light_XM,Light_XM,True
R5,full,raw_all,/home/lmy/iot-device-classification/dataset/light_xm/round5_positionB/light_xm_r5.pcapng,299,2991.0872304439545,2998.941479206085,Light_XM,Light_T1,False
R5,full,raw_all,/home/lmy/iot-device-classification/dataset/light_xm/round5_positionB/light_xm_r5.pcapng,300,3001.206813097,3009.7937989234924,Light_XM,Light_XM,True
R5,full,raw_all,/home/lmy/iot-device-classification/dataset/light_xm/round5_positionB/light_xm_r5.pcapng,301,3011.226283311844,3018.58753323555,Light_XM,Light_XM,True
R5,full,raw_all,/home/lmy/iot-device-classification/dataset/light_xm/round5_positionB/light_xm_r5.pcapng,302,3021.3569424152374,3028.970594406128,Light_XM,Light_T1,False
R5,full,raw_all,/home/lmy/iot-device-classification/dataset/light_xm/round5_positionB/light_xm_r5.pcapng,303,3031.357218503952,3035.6659276485443,Light_XM,Light_XM,True
R5,full,raw_all,/home/lmy/iot-device-classification/dataset/light_xm/round5_positionB/light_xm_r5.pcapng,304,3041.4274604320526,3048.9908182621,Light_XM,Light_T1,False
R5,full,raw_all,/home/lmy/iot-device-classification/dataset/light_xm/round5_positionB/light_xm_r5.pcapng,305,3051.519504070282,3058.999015808105,Light_XM,Light_T1,False
R5,full,raw_all,/home/lmy/iot-device-classification/dataset/light_xm/round5_positionB/light_xm_r5.pcapng,306,3060.470136404037,3065.699232816696,Light_XM,Light_T1,False
R5,full,raw_all,/home/lmy/iot-device-classification/dataset/light_xm/round5_positionB/light_xm_r5.pcapng,307,3071.632116556168,3075.7067244052887,Light_XM,Light_XM,True
R5,full,raw_all,/home/lmy/iot-device-classification/dataset/light_xm/round5_positionB/light_xm_r5.pcapng,308,3080.0798768997192,3089.041739225388,Light_XM,Light_T1,False
R5,full,raw_all,/home/lmy/iot-device-classification/dataset/light_xm/round5_positionB/light_xm_r5.pcapng,309,3091.7992770671844,3098.6321861743927,Light_XM,Light_XM,True
R5,full,raw_all,/home/lmy/iot-device-classification/dataset/light_xm/round5_positionB/light_xm_r5.pcapng,310,3101.848879814148,3105.738933324814,Light_XM,Light_XM,True
R5,full,raw_all,/home/lmy/iot-device-classification/dataset/light_xm/round5_positionB/light_xm_r5.pcapng,311,3111.929205417633,3119.554394006729,Light_XM,Light_XM,True
R5,full,raw_all,/home/lmy/iot-device-classification/dataset/light_xm/round5_positionB/light_xm_r5.pcapng,312,3122.004201412201,3127.302343606949,Light_XM,Light_XM,True
R5,full,raw_all,/home/lmy/iot-device-classification/dataset/light_xm/round5_positionB/light_xm_r5.pcapng,313,3130.1415305137634,3138.642622947693,Light_XM,Light_XM,True
R5,full,raw_all,/home/lmy/iot-device-classification/dataset/light_xm/round5_positionB/light_xm_r5.pcapng,314,3142.130486726761,3149.207192182541,Light_XM,Light_XM,True
R5,full,raw_all,/home/lmy/iot-device-classification/dataset/light_xm/round5_positionB/light_xm_r5.pcapng,315,3152.1919844150543,3155.8221340179443,Light_XM,Light_XM,True
R5,full,raw_all,/home/lmy/iot-device-classification/dataset/light_xm/round5_positionB/light_xm_r5.pcapng,316,3162.271343946457,3169.337468147278,Light_XM,Light_T1,False
R5,full,raw_all,/home/lmy/iot-device-classification/dataset/light_xm/round5_positionB/light_xm_r5.pcapng,317,3171.348950147629,3179.122557640076,Light_XM,Light_T1,False
R5,full,raw_all,/home/lmy/iot-device-classification/dataset/light_xm/round5_positionB/light_xm_r5.pcapng,318,3182.400878429413,3188.737792015076,Light_XM,Light_XM,True
R5,full,raw_all,/home/lmy/iot-device-classification/dataset/light_xm/round5_positionB/light_xm_r5.pcapng,319,3192.4624388217926,3199.0066051483154,Light_XM,Light_XM,True
R5,full,raw_all,/home/lmy/iot-device-classification/dataset/light_xm/round5_positionB/light_xm_r5.pcapng,320,3202.6459608078003,3209.150489807129,Light_XM,Light_XM,True
R5,full,raw_all,/home/lmy/iot-device-classification/dataset/light_xm/round5_positionB/light_xm_r5.pcapng,321,3212.5730245113373,3215.850251674652,Light_XM,Light_T1,False
R5,full,raw_all,/home/lmy/iot-device-classification/dataset/light_xm/round5_positionB/light_xm_r5.pcapng,322,3222.642132520676,3228.6141567230225,Light_XM,Light_T1,False
R5,full,raw_all,/home/lmy/iot-device-classification/dataset/light_xm/round5_positionB/light_xm_r5.pcapng,323,3232.7250850200653,3239.1825466156006,Light_XM,Light_T1,False
R5,full,raw_all,/home/lmy/iot-device-classification/dataset/light_xm/round5_positionB/light_xm_r5.pcapng,324,3242.7677462100983,3245.881236553192,Light_XM,Light_T1,False
R5,full,raw_all,/home/lmy/iot-device-classification/dataset/light_xm/round5_positionB/light_xm_r5.pcapng,325,3252.8437888622284,3258.6237041950226,Light_XM,Light_XM,True
R5,full,raw_all,/home/lmy/iot-device-classification/dataset/light_xm/round5_positionB/light_xm_r5.pcapng,326,3260.4373350143437,3269.203328847885,Light_XM,Light_T1,False
R5,full,raw_all,/home/lmy/iot-device-classification/dataset/light_xm/round5_positionB/light_xm_r5.pcapng,327,3272.9841215610504,3278.637137413025,Light_XM,Light_XM,True
R5,full,raw_all,/home/lmy/iot-device-classification/dataset/light_xm/round5_positionB/light_xm_r5.pcapng,328,3283.174298524857,3285.924293994904,Light_XM,Light_XM,True
R5,full,raw_all,/home/lmy/iot-device-classification/dataset/light_xm/round5_positionB/light_xm_r5.pcapng,329,3292.691269636154,3299.2327365875244,Light_XM,Light_T1,False
R5,full,raw_all,/home/lmy/iot-device-classification/dataset/light_xm/round5_positionB/light_xm_r5.pcapng,330,3303.2593443393707,3306.49938082695,Light_XM,Light_XM,True
R5,full,raw_all,/home/lmy/iot-device-classification/dataset/light_xm/round5_positionB/light_xm_r5.pcapng,331,3313.316118001938,3318.6253054142,Light_XM,Light_XM,True
R5,full,raw_all,/home/lmy/iot-device-classification/dataset/light_xm/round5_positionB/light_xm_r5.pcapng,332,3323.334953308105,3329.233449459076,Light_XM,Light_XM,True
R5,full,raw_all,/home/lmy/iot-device-classification/dataset/light_xm/round5_positionB/light_xm_r5.pcapng,333,3332.522644996643,3335.9739730358124,Light_XM,Light_XM,True
R5,full,raw_all,/home/lmy/iot-device-classification/dataset/light_xm/round5_positionB/light_xm_r5.pcapng,334,3342.6097009181976,3345.9869062900543,Light_XM,Light_XM,True
R5,full,raw_all,/home/lmy/iot-device-classification/dataset/light_xm/round5_positionB/light_xm_r5.pcapng,335,3353.0119092464447,3359.2668874263763,Light_XM,Light_T1,False
R5,full,raw_all,/home/lmy/iot-device-classification/dataset/light_xm/round5_positionB/light_xm_r5.pcapng,336,3360.5333178043365,3368.6407454013824,Light_XM,Light_T1,False
R5,full,raw_all,/home/lmy/iot-device-classification/dataset/light_xm/round5_positionB/light_xm_r5.pcapng,337,3373.676931619644,3378.597178697586,Light_XM,Light_XM,True
R5,full,raw_all,/home/lmy/iot-device-classification/dataset/light_xm/round5_positionB/light_xm_r5.pcapng,338,3383.7361562252045,3389.2719798088074,Light_XM,Light_XM,True
R5,full,raw_all,/home/lmy/iot-device-classification/dataset/light_xm/round5_positionB/light_xm_r5.pcapng,339,3393.7968916893005,3398.839955806732,Light_XM,Light_XM,True
R5,full,raw_all,/home/lmy/iot-device-classification/dataset/light_xm/round5_positionB/light_xm_r5.pcapng,340,3403.876736164093,3408.627858400345,Light_XM,Light_T1,False
R5,full,raw_all,/home/lmy/iot-device-classification/dataset/light_xm/round5_positionB/light_xm_r5.pcapng,341,3413.597593307495,3419.287171125412,Light_XM,Light_T1,False
R5,full,raw_all,/home/lmy/iot-device-classification/dataset/light_xm/round5_positionB/light_xm_r5.pcapng,342,3423.730992794037,3426.0665423870087,Light_XM,Light_T1,False
R5,full,raw_all,/home/lmy/iot-device-classification/dataset/light_xm/round5_positionB/light_xm_r5.pcapng,343,3434.0690405368805,3439.0826468467712,Light_XM,Light_XM,True
R5,full,raw_all,/home/lmy/iot-device-classification/dataset/light_xm/round5_positionB/light_xm_r5.pcapng,344,3444.158940792084,3449.309918403625,Light_XM,Light_XM,True
R5,full,raw_all,/home/lmy/iot-device-classification/dataset/light_xm/round5_positionB/light_xm_r5.pcapng,345,3453.568707942962,3458.761048555374,Light_XM,Light_XM,True
R5,full,raw_all,/home/lmy/iot-device-classification/dataset/light_xm/round5_positionB/light_xm_r5.pcapng,346,3464.277812957764,3466.109134912491,Light_XM,Light_XM,True
R5,full,raw_all,/home/lmy/iot-device-classification/dataset/light_xm/round5_positionB/light_xm_r5.pcapng,347,3473.652542114258,3479.403618335724,Light_XM,Light_T1,False
R5,full,raw_all,/home/lmy/iot-device-classification/dataset/light_xm/round5_positionB/light_xm_r5.pcapng,348,3484.427971601486,3486.452388525009,Light_XM,Light_XM,True
R5,full,raw_all,/home/lmy/iot-device-classification/dataset/light_xm/round5_positionB/light_xm_r5.pcapng,349,3494.4529242515564,3498.6096041202545,Light_XM,Light_XM,True
R5,full,raw_all,/home/lmy/iot-device-classification/dataset/light_xm/round5_positionB/light_xm_r5.pcapng,350,3503.598809480667,3509.365502357483,Light_XM,Light_T1,False
R5,full,raw_all,/home/lmy/iot-device-classification/dataset/light_xm/round5_positionB/light_xm_r5.pcapng,351,3512.410361766815,3516.1577026844025,Light_XM,Light_XM,True
R5,full,raw_all,/home/lmy/iot-device-classification/dataset/light_xm/round5_positionB/light_xm_r5.pcapng,352,3522.284182071686,3526.168779850006,Light_XM,Light_XM,True
R5,full,raw_all,/home/lmy/iot-device-classification/dataset/light_xm/round5_positionB/light_xm_r5.pcapng,353,3533.9734332561493,3539.397897720337,Light_XM,Light_T1,False
R5,full,raw_all,/home/lmy/iot-device-classification/dataset/light_xm/round5_positionB/light_xm_r5.pcapng,354,3541.2919499874115,3548.644652366638,Light_XM,Light_XM,True
R5,full,raw_all,/home/lmy/iot-device-classification/dataset/light_xm/round5_positionB/light_xm_r5.pcapng,355,3552.0395617485046,3556.200371026993,Light_XM,Light_XM,True
R5,full,raw_all,/home/lmy/iot-device-classification/dataset/light_xm/round5_positionB/light_xm_r5.pcapng,356,3563.099380731582,3569.4295547008514,Light_XM,Light_XM,True
R5,full,raw_all,/home/lmy/iot-device-classification/dataset/light_xm/round5_positionB/light_xm_r5.pcapng,357,3573.4955554008484,3577.4741792678838,Light_XM,Light_XM,True
R5,full,raw_all,/home/lmy/iot-device-classification/dataset/light_xm/round5_positionB/light_xm_r5.pcapng,358,3580.12424325943,3588.630524158478,Light_XM,Light_XM,True
R5,full,raw_all,/home/lmy/iot-device-classification/dataset/light_xm/round5_positionB/light_xm_r5.pcapng,359,3593.602655172348,3599.4606897830963,Light_XM,Light_T1,False
R5,full,raw_all,/home/lmy/iot-device-classification/dataset/light_xm/round5_positionB/light_xm_r5.pcapng,360,3602.6154267787933,3609.9444541931152,Light_XM,Light_T1,False
R5,full,raw_all,/home/lmy/iot-device-classification/dataset/light_xm/round5_positionB/light_xm_r5.pcapng,361,3610.001624107361,3618.606245756149,Light_XM,Light_XM,True
R5,full,raw_all,/home/lmy/iot-device-classification/dataset/light_xm/round5_positionB/light_xm_r5.pcapng,362,3621.981859207153,3622.0701208114624,Light_XM,Light_T1,False
R5,full,raw_all,/home/lmy/iot-device-classification/dataset/sensor/round5_positionB/sensor_r5.pcapng,0,0.0,9.960330724716188,Sensor,Light_T1,False
R5,full,raw_all,/home/lmy/iot-device-classification/dataset/sensor/round5_positionB/sensor_r5.pcapng,1,10.08036971092224,16.14465594291687,Sensor,Light_T1,False
R5,full,raw_all,/home/lmy/iot-device-classification/dataset/sensor/round5_positionB/sensor_r5.pcapng,2,20.00147485733032,26.156524181365967,Sensor,Light_T1,False
R5,full,raw_all,/home/lmy/iot-device-classification/dataset/sensor/round5_positionB/sensor_r5.pcapng,3,30.153779983520508,39.85296511650085,Sensor,Light_T1,False
R5,full,raw_all,/home/lmy/iot-device-classification/dataset/sensor/round5_positionB/sensor_r5.pcapng,4,40.10577940940857,46.17587852478027,Sensor,Light_XM,False
R5,full,raw_all,/home/lmy/iot-device-classification/dataset/sensor/round5_positionB/sensor_r5.pcapng,5,50.28006458282471,59.253162145614624,Sensor,Light_T1,False
R5,full,raw_all,/home/lmy/iot-device-classification/dataset/sensor/round5_positionB/sensor_r5.pcapng,6,60.39925217628479,69.89407873153687,Sensor,Light_T1,False
R5,full,raw_all,/home/lmy/iot-device-classification/dataset/sensor/round5_positionB/sensor_r5.pcapng,7,70.13257575035095,76.20727682113647,Sensor,Light_XM,False
R5,full,raw_all,/home/lmy/iot-device-classification/dataset/sensor/round5_positionB/sensor_r5.pcapng,8,80.39886784553528,86.21257519721985,Sensor,Light_T1,False
R5,full,raw_all,/home/lmy/iot-device-classification/dataset/sensor/round5_positionB/sensor_r5.pcapng,9,90.54958629608154,99.91015338897704,Sensor,Light_T1,False
R5,full,raw_all,/home/lmy/iot-device-classification/dataset/sensor/round5_positionB/sensor_r5.pcapng,10,100.16268467903136,106.23368072509766,Sensor,Light_T1,False
R5,full,raw_all,/home/lmy/iot-device-classification/dataset/sensor/round5_positionB/sensor_r5.pcapng,11,110.7557806968689,119.1052541732788,Sensor,Camera,False
R5,full,raw_all,/home/lmy/iot-device-classification/dataset/sensor/round5_positionB/sensor_r5.pcapng,12,120.67691659927368,129.9421865940094,Sensor,Light_T1,False
R5,full,raw_all,/home/lmy/iot-device-classification/dataset/sensor/round5_positionB/sensor_r5.pcapng,13,130.18910574913025,136.2620129585266,Sensor,Light_T1,False
R5,full,raw_all,/home/lmy/iot-device-classification/dataset/sensor/round5_positionB/sensor_r5.pcapng,14,140.8230059146881,146.27119493484497,Sensor,Light_T1,False
R5,full,raw_all,/home/lmy/iot-device-classification/dataset/sensor/round5_positionB/sensor_r5.pcapng,15,150.89613366127014,159.97889351844788,Sensor,Light_T1,False
R5,full,raw_all,/home/lmy/iot-device-classification/dataset/sensor/round5_positionB/sensor_r5.pcapng,16,160.21436548233032,167.6332130432129,Sensor,Light_T1,False
R5,full,raw_all,/home/lmy/iot-device-classification/dataset/sensor/round5_positionB/sensor_r5.pcapng,17,171.0963954925537,176.3011863231659,Sensor,Light_T1,False
R5,full,raw_all,/home/lmy/iot-device-classification/dataset/sensor/round5_positionB/sensor_r5.pcapng,18,181.32857990264893,189.99972677230835,Sensor,Light_T1,False
R5,full,raw_all,/home/lmy/iot-device-classification/dataset/sensor/round5_positionB/sensor_r5.pcapng,19,190.24678874015808,196.324031829834,Sensor,Light_T1,False
R5,full,raw_all,/home/lmy/iot-device-classification/dataset/sensor/round5_positionB/sensor_r5.pcapng,20,201.32871222496036,206.3323712348938,Sensor,Light_T1,False
R5,full,raw_all,/home/lmy/iot-device-classification/dataset/sensor/round5_positionB/sensor_r5.pcapng,21,211.69630694389343,216.34097933769223,Sensor,Light_T1,False
R5,full,raw_all,/home/lmy/iot-device-classification/dataset/sensor/round5_positionB/sensor_r5.pcapng,22,220.02118945121765,226.36854195594788,Sensor,Light_XM,False
R5,full,raw_all,/home/lmy/iot-device-classification/dataset/sensor/round5_positionB/sensor_r5.pcapng,23,230.80701422691345,237.26156616210935,Sensor,Light_T1,False
R5,full,raw_all,/home/lmy/iot-device-classification/dataset/sensor/round5_positionB/sensor_r5.pcapng,24,240.03474974632263,246.3740849494934,Sensor,Light_T1,False
R5,full,raw_all,/home/lmy/iot-device-classification/dataset/sensor/round5_positionB/sensor_r5.pcapng,25,250.0525918006897,256.3848733901977,Sensor,Light_T1,False
R5,full,raw_all,/home/lmy/iot-device-classification/dataset/sensor/round5_positionB/sensor_r5.pcapng,26,261.7457365989685,266.51137828826904,Sensor,Light_T1,False
R5,full,raw_all,/home/lmy/iot-device-classification/dataset/sensor/round5_positionB/sensor_r5.pcapng,27,271.7860953807831,276.8616211414337,Sensor,Light_T1,False
R5,full,raw_all,/home/lmy/iot-device-classification/dataset/sensor/round5_positionB/sensor_r5.pcapng,28,280.08189940452576,286.4114758968353,Sensor,Light_T1,False
R5,full,raw_all,/home/lmy/iot-device-classification/dataset/sensor/round5_positionB/sensor_r5.pcapng,29,291.7963011264801,296.4293930530548,Sensor,Light_T1,False
R5,full,raw_all,/home/lmy/iot-device-classification/dataset/sensor/round5_positionB/sensor_r5.pcapng,30,301.9961214065552,306.4331316947937,Sensor,Light_T1,False
R5,full,raw_all,/home/lmy/iot-device-classification/dataset/sensor/round5_positionB/sensor_r5.pcapng,31,310.1197476387024,317.10083651542664,Sensor,Light_T1,False
R5,full,raw_all,/home/lmy/iot-device-classification/dataset/sensor/round5_positionB/sensor_r5.pcapng,32,320.8203909397125,326.4536952972412,Sensor,Light_T1,False
R5,full,raw_all,/home/lmy/iot-device-classification/dataset/sensor/round5_positionB/sensor_r5.pcapng,33,331.9966313838959,336.46382093429565,Sensor,Light_T1,False
R5,full,raw_all,/home/lmy/iot-device-classification/dataset/sensor/round5_positionB/sensor_r5.pcapng,34,340.1232557296753,347.5012173652649,Sensor,Camera,False
R5,full,raw_all,/home/lmy/iot-device-classification/dataset/sensor/round5_positionB/sensor_r5.pcapng,35,352.17665338516235,356.48378562927246,Sensor,Light_T1,False
R5,full,raw_all,/home/lmy/iot-device-classification/dataset/sensor/round5_positionB/sensor_r5.pcapng,36,362.2773411273956,366.4925925731659,Sensor,Light_T1,False
R5,full,raw_all,/home/lmy/iot-device-classification/dataset/sensor/round5_positionB/sensor_r5.pcapng,37,370.1331133842468,377.2714343070984,Sensor,Camera,False
R5,full,raw_all,/home/lmy/iot-device-classification/dataset/sensor/round5_positionB/sensor_r5.pcapng,38,382.42899227142334,386.5134072303772,Sensor,Light_T1,False
R5,full,raw_all,/home/lmy/iot-device-classification/dataset/sensor/round5_positionB/sensor_r5.pcapng,39,392.3515868186951,396.5245063304901,Sensor,Light_T1,False
R5,full,raw_all,/home/lmy/iot-device-classification/dataset/sensor/round5_positionB/sensor_r5.pcapng,40,400.15318870544434,407.58341693878174,Sensor,Light_T1,False
R5,full,raw_all,/home/lmy/iot-device-classification/dataset/sensor/round5_positionB/sensor_r5.pcapng,41,410.8075706958771,416.54482913017273,Sensor,Light_T1,False
R5,full,raw_all,/home/lmy/iot-device-classification/dataset/sensor/round5_positionB/sensor_r5.pcapng,42,422.6977763175965,426.5548865795136,Sensor,Light_T1,False
R5,full,raw_all,/home/lmy/iot-device-classification/dataset/sensor/round5_positionB/sensor_r5.pcapng,43,430.1839950084686,437.7431974411011,Sensor,Light_T1,False
R5,full,raw_all,/home/lmy/iot-device-classification/dataset/sensor/round5_positionB/sensor_r5.pcapng,44,442.9493792057037,446.57375836372375,Sensor,Sensor,True
R5,full,raw_all,/home/lmy/iot-device-classification/dataset/sensor/round5_positionB/sensor_r5.pcapng,45,453.05007815361023,456.5837230682373,Sensor,Light_T1,False
R5,full,raw_all,/home/lmy/iot-device-classification/dataset/sensor/round5_positionB/sensor_r5.pcapng,46,460.2145178318024,468.35458397865295,Sensor,Light_T1,False
R5,full,raw_all,/home/lmy/iot-device-classification/dataset/sensor/round5_positionB/sensor_r5.pcapng,47,472.949725151062,479.1251540184021,Sensor,Light_T1,False
R5,full,raw_all,/home/lmy/iot-device-classification/dataset/sensor/round5_positionB/sensor_r5.pcapng,48,483.09781432151794,486.6156401634216,Sensor,Light_T1,False
R5,full,raw_all,/home/lmy/iot-device-classification/dataset/sensor/round5_positionB/sensor_r5.pcapng,49,490.24560713768005,498.22301268577576,Sensor,Light_T1,False
R5,full,raw_all,/home/lmy/iot-device-classification/dataset/sensor/round5_positionB/sensor_r5.pcapng,50,500.8090224266052,506.63516497612,Sensor,Light_T1,False
R5,full,raw_all,/home/lmy/iot-device-classification/dataset/sensor/round5_positionB/sensor_r5.pcapng,51,513.3438501358032,516.6457412242889,Sensor,Sensor,True
R5,full,raw_all,/home/lmy/iot-device-classification/dataset/sensor/round5_positionB/sensor_r5.pcapng,52,520.2753455638885,529.5720014572144,Sensor,Light_T1,False
R5,full,raw_all,/home/lmy/iot-device-classification/dataset/sensor/round5_positionB/sensor_r5.pcapng,53,530.5300002098083,536.66530418396,Sensor,Light_T1,False
R5,full,raw_all,/home/lmy/iot-device-classification/dataset/sensor/round5_positionB/sensor_r5.pcapng,54,543.4791615009308,546.6754581928253,Sensor,Light_T1,False
R5,full,raw_all,/home/lmy/iot-device-classification/dataset/sensor/round5_positionB/sensor_r5.pcapng,55,550.322206735611,558.465550661087,Sensor,Light_T1,False
R5,full,raw_all,/home/lmy/iot-device-classification/dataset/sensor/round5_positionB/sensor_r5.pcapng,56,563.6991710662842,566.6960909366608,Sensor,Light_T1,False
R5,full,raw_all,/home/lmy/iot-device-classification/dataset/sensor/round5_positionB/sensor_r5.pcapng,57,573.5797002315521,576.7058339118958,Sensor,Light_T1,False
R5,full,raw_all,/home/lmy/iot-device-classification/dataset/sensor/round5_positionB/sensor_r5.pcapng,58,580.3364479541779,588.8657143115997,Sensor,Light_T1,False
R5,full,raw_all,/home/lmy/iot-device-classification/dataset/sensor/round5_positionB/sensor_r5.pcapng,59,590.8221650123596,596.7277946472168,Sensor,Light_T1,False
R5,full,raw_all,/home/lmy/iot-device-classification/dataset/sensor/round5_positionB/sensor_r5.pcapng,60,603.9174807071686,606.7360379695892,Sensor,Light_T1,False
R5,full,raw_all,/home/lmy/iot-device-classification/dataset/sensor/round5_positionB/sensor_r5.pcapng,61,610.36665391922,618.865763425827,Sensor,Light_T1,False
R5,full,raw_all,/home/lmy/iot-device-classification/dataset/sensor/round5_positionB/sensor_r5.pcapng,62,624.1637580394745,626.756735086441,Sensor,Light_T1,False
R5,full,raw_all,/home/lmy/iot-device-classification/dataset/sensor/round5_positionB/sensor_r5.pcapng,63,633.0377731323242,636.768016576767,Sensor,Light_T1,False
R5,full,raw_all,/home/lmy/iot-device-classification/dataset/sensor/round5_positionB/sensor_r5.pcapng,64,640.3975031375885,646.7764735221863,Sensor,Light_T1,False
R5,full,raw_all,/home/lmy/iot-device-classification/dataset/sensor/round5_positionB/sensor_r5.pcapng,65,653.839085817337,657.2332854270935,Sensor,Light_T1,False
R5,full,raw_all,/home/lmy/iot-device-classification/dataset/sensor/round5_positionB/sensor_r5.pcapng,66,662.3048598766327,666.7993566989899,Sensor,Light_T1,False
R5,full,raw_all,/home/lmy/iot-device-classification/dataset/sensor/round5_positionB/sensor_r5.pcapng,67,670.4279699325562,676.8086485862732,Sensor,Light_T1,False
R5,full,raw_all,/home/lmy/iot-device-classification/dataset/sensor/round5_positionB/sensor_r5.pcapng,68,680.822740316391,686.8178899288177,Sensor,Light_T1,False
R5,full,raw_all,/home/lmy/iot-device-classification/dataset/sensor/round5_positionB/sensor_r5.pcapng,69,693.3679299354553,696.8559234142303,Sensor,Light_XM,False
R5,full,raw_all,/home/lmy/iot-device-classification/dataset/sensor/round5_positionB/sensor_r5.pcapng,70,700.457948923111,709.665851354599,Sensor,Light_T1,False
R5,full,raw_all,/home/lmy/iot-device-classification/dataset/sensor/round5_positionB/sensor_r5.pcapng,71,714.4096827507019,718.6812381744385,Sensor,Light_T1,False
R5,full,raw_all,/home/lmy/iot-device-classification/dataset/sensor/round5_positionB/sensor_r5.pcapng,72,724.8765890598297,727.8549139499664,Sensor,Light_T1,False
R5,full,raw_all,/home/lmy/iot-device-classification/dataset/sensor/round5_positionB/sensor_r5.pcapng,73,730.4884757995605,736.8686821460724,Sensor,Camera,False
R5,full,raw_all,/home/lmy/iot-device-classification/dataset/sensor/round5_positionB/sensor_r5.pcapng,74,743.1600611209869,746.8805181980133,Sensor,Light_XM,False
R5,full,raw_all,/home/lmy/iot-device-classification/dataset/sensor/round5_positionB/sensor_r5.pcapng,75,753.6788215637207,759.9878025054932,Sensor,Light_T1,False
R5,full,raw_all,/home/lmy/iot-device-classification/dataset/sensor/round5_positionB/sensor_r5.pcapng,76,760.5185384750366,767.6623866558075,Sensor,Light_T1,False
R5,full,raw_all,/home/lmy/iot-device-classification/dataset/sensor/round5_positionB/sensor_r5.pcapng,77,770.8105916976929,777.258327960968,Sensor,Light_T1,False
R5,full,raw_all,/home/lmy/iot-device-classification/dataset/sensor/round5_positionB/sensor_r5.pcapng,78,784.8793683052063,786.9209759235382,Sensor,Light_T1,False
R5,full,raw_all,/home/lmy/iot-device-classification/dataset/sensor/round5_positionB/sensor_r5.pcapng,79,790.5488836765289,796.9307117462158,Sensor,Light_T1,False
R5,full,raw_all,/home/lmy/iot-device-classification/dataset/sensor/round5_positionB/sensor_r5.pcapng,80,803.5991153717041,806.9410543441772,Sensor,Light_T1,False
R5,full,raw_all,/home/lmy/iot-device-classification/dataset/sensor/round5_positionB/sensor_r5.pcapng,81,810.2263014316559,816.9503264427185,Sensor,Light_T1,False
R5,full,raw_all,/home/lmy/iot-device-classification/dataset/sensor/round5_positionB/sensor_r5.pcapng,82,820.587030172348,826.9600839614868,Sensor,Light_T1,False
R5,full,raw_all,/home/lmy/iot-device-classification/dataset/sensor/round5_positionB/sensor_r5.pcapng,83,834.7992854118347,836.9715247154236,Sensor,Light_T1,False
R5,full,raw_all,/home/lmy/iot-device-classification/dataset/sensor/round5_positionB/sensor_r5.pcapng,84,844.1808385848999,846.9823129177094,Sensor,Light_T1,False
R5,full,raw_all,/home/lmy/iot-device-classification/dataset/sensor/round5_positionB/sensor_r5.pcapng,85,850.6105515956879,856.9912071228027,Sensor,Light_T1,False
R5,full,raw_all,/home/lmy/iot-device-classification/dataset/sensor/round5_positionB/sensor_r5.pcapng,86,860.8117458820343,867.0015070438385,Sensor,Light_T1,False
R5,full,raw_all,/home/lmy/iot-device-classification/dataset/sensor/round5_positionB/sensor_r5.pcapng,87,873.2741253376007,877.0103335380554,Sensor,Light_XM,False
R5,full,raw_all,/home/lmy/iot-device-classification/dataset/sensor/round5_positionB/sensor_r5.pcapng,88,880.6461000442505,887.024071931839,Sensor,Light_T1,False
R5,full,raw_all,/home/lmy/iot-device-classification/dataset/sensor/round5_positionB/sensor_r5.pcapng,89,895.1211311817169,897.0309634208679,Sensor,Light_T1,False
R5,full,raw_all,/home/lmy/iot-device-classification/dataset/sensor/round5_positionB/sensor_r5.pcapng,90,903.4404323101044,907.0411922931672,Sensor,Light_T1,False
R5,full,raw_all,/home/lmy/iot-device-classification/dataset/sensor/round5_positionB/sensor_r5.pcapng,91,910.67093873024,917.0514369010924,Sensor,Light_T1,False
R5,full,raw_all,/home/lmy/iot-device-classification/dataset/sensor/round5_positionB/sensor_r5.pcapng,92,924.3205466270448,927.0669574737548,Sensor,Light_T1,False
R5,full,raw_all,/home/lmy/iot-device-classification/dataset/sensor/round5_positionB/sensor_r5.pcapng,93,934.6409826278688,937.072300195694,Sensor,Light_T1,False
R5,full,raw_all,/home/lmy/iot-device-classification/dataset/sensor/round5_positionB/sensor_r5.pcapng,94,940.7030546665192,947.0819718837738,Sensor,Light_T1,False
R5,full,raw_all,/home/lmy/iot-device-classification/dataset/sensor/round5_positionB/sensor_r5.pcapng,95,950.8115477561952,957.0915141105652,Sensor,Light_T1,False
R5,full,raw_all,/home/lmy/iot-device-classification/dataset/sensor/round5_positionB/sensor_r5.pcapng,96,961.347324848175,967.1026537418364,Sensor,Light_T1,False
R5,full,raw_all,/home/lmy/iot-device-classification/dataset/sensor/round5_positionB/sensor_r5.pcapng,97,970.7322418689728,977.1115305423735,Sensor,Light_T1,False
R5,full,raw_all,/home/lmy/iot-device-classification/dataset/sensor/round5_positionB/sensor_r5.pcapng,98,984.5611622333528,987.1216666698456,Sensor,Light_T1,False
R5,full,raw_all,/home/lmy/iot-device-classification/dataset/sensor/round5_positionB/sensor_r5.pcapng,99,991.5074851512908,997.1331527233124,Sensor,Light_T1,False
R5,full,raw_all,/home/lmy/iot-device-classification/dataset/sensor/round5_positionB/sensor_r5.pcapng,100,1000.7763953208924,1007.1430003643036,Sensor,Light_T1,False
R5,full,raw_all,/home/lmy/iot-device-classification/dataset/sensor/round5_positionB/sensor_r5.pcapng,101,1013.6808366775512,1017.1522493362428,Sensor,Light_T1,False
R5,full,raw_all,/home/lmy/iot-device-classification/dataset/sensor/round5_positionB/sensor_r5.pcapng,102,1021.798800945282,1027.443839788437,Sensor,Light_T1,False
R5,full,raw_all,/home/lmy/iot-device-classification/dataset/sensor/round5_positionB/sensor_r5.pcapng,103,1030.7951345443726,1039.5565221309662,Sensor,Light_T1,False
R5,full,raw_all,/home/lmy/iot-device-classification/dataset/sensor/round5_positionB/sensor_r5.pcapng,104,1040.82621383667,1047.271624803543,Sensor,Light_T1,False
R5,full,raw_all,/home/lmy/iot-device-classification/dataset/sensor/round5_positionB/sensor_r5.pcapng,105,1051.9107825756073,1057.1941010951996,Sensor,Light_T1,False
R5,full,raw_all,/home/lmy/iot-device-classification/dataset/sensor/round5_positionB/sensor_r5.pcapng,106,1060.8224337100985,1067.679118156433,Sensor,Light_T1,False
R5,full,raw_all,/home/lmy/iot-device-classification/dataset/sensor/round5_positionB/sensor_r5.pcapng,107,1074.0010409355164,1079.7636187076569,Sensor,Light_T1,False
R5,full,raw_all,/home/lmy/iot-device-classification/dataset/sensor/round5_positionB/sensor_r5.pcapng,108,1081.9937601089478,1087.2242858409882,Sensor,Light_T1,False
R5,full,raw_all,/home/lmy/iot-device-classification/dataset/sensor/round5_positionB/sensor_r5.pcapng,109,1090.8540229797363,1097.278389930725,Sensor,Light_T1,False
R5,full,raw_all,/home/lmy/iot-device-classification/dataset/sensor/round5_positionB/sensor_r5.pcapng,110,1105.214323759079,1107.346379995346,Sensor,Light_T1,False
R5,full,raw_all,/home/lmy/iot-device-classification/dataset/sensor/round5_positionB/sensor_r5.pcapng,111,1112.3901410102844,1117.2667708396912,Sensor,Light_T1,False
R5,full,raw_all,/home/lmy/iot-device-classification/dataset/sensor/round5_positionB/sensor_r5.pcapng,112,1120.883947610855,1127.3627061843872,Sensor,Light_T1,False
R5,full,raw_all,/home/lmy/iot-device-classification/dataset/sensor/round5_positionB/sensor_r5.pcapng,113,1130.826917886734,1137.446089029312,Sensor,Light_T1,False
R5,full,raw_all,/home/lmy/iot-device-classification/dataset/sensor/round5_positionB/sensor_r5.pcapng,114,1142.469225883484,1147.5462446212769,Sensor,Light_T1,False
R5,full,raw_all,/home/lmy/iot-device-classification/dataset/sensor/round5_positionB/sensor_r5.pcapng,115,1150.8930850028992,1157.6576011180878,Sensor,Light_T1,False
R5,full,raw_all,/home/lmy/iot-device-classification/dataset/sensor/round5_positionB/sensor_r5.pcapng,116,1165.521907329559,1167.6471693515778,Sensor,Light_T1,False
R5,full,raw_all,/home/lmy/iot-device-classification/dataset/sensor/round5_positionB/sensor_r5.pcapng,117,1172.70955991745,1177.7474019527435,Sensor,Light_T1,False
R5,full,raw_all,/home/lmy/iot-device-classification/dataset/sensor/round5_positionB/sensor_r5.pcapng,118,1180.904812335968,1187.9428386688232,Sensor,Light_T1,False
R5,full,raw_all,/home/lmy/iot-device-classification/dataset/sensor/round5_positionB/sensor_r5.pcapng,119,1194.6422922611237,1197.766150712967,Sensor,Light_T1,False
R5,full,raw_all,/home/lmy/iot-device-classification/dataset/sensor/round5_positionB/sensor_r5.pcapng,120,1202.6140410900116,1207.9453823566437,Sensor,Light_T1,False
R5,full,raw_all,/home/lmy/iot-device-classification/dataset/sensor/round5_positionB/sensor_r5.pcapng,121,1210.0924389362335,1218.0514085292816,Sensor,Light_T1,False
R5,full,raw_all,/home/lmy/iot-device-classification/dataset/sensor/round5_positionB/sensor_r5.pcapng,122,1220.8129291534424,1228.151519060135,Sensor,Light_T1,False
R5,full,raw_all,/home/lmy/iot-device-classification/dataset/sensor/round5_positionB/sensor_r5.pcapng,123,1233.1893413066864,1238.2460618019104,Sensor,Light_T1,False
R5,full,raw_all,/home/lmy/iot-device-classification/dataset/sensor/round5_positionB/sensor_r5.pcapng,124,1240.945651292801,1248.2451491355896,Sensor,Light_XM,False
R5,full,raw_all,/home/lmy/iot-device-classification/dataset/sensor/round5_positionB/sensor_r5.pcapng,125,1254.9624407291412,1258.4030475616455,Sensor,Light_T1,False
R5,full,raw_all,/home/lmy/iot-device-classification/dataset/sensor/round5_positionB/sensor_r5.pcapng,126,1263.3494594097135,1268.346831560135,Sensor,Light_T1,False
R5,full,raw_all,/home/lmy/iot-device-classification/dataset/sensor/round5_positionB/sensor_r5.pcapng,127,1270.9073996543884,1278.447103023529,Sensor,Light_T1,False
R5,full,raw_all,/home/lmy/iot-device-classification/dataset/sensor/round5_positionB/sensor_r5.pcapng,128,1286.1631169319153,1288.5475523471832,Sensor,Light_T1,False
R5,full,raw_all,/home/lmy/iot-device-classification/dataset/sensor/round5_positionB/sensor_r5.pcapng,129,1293.5903112888336,1298.4458179473877,Sensor,Light_T1,False
R5,full,raw_all,/home/lmy/iot-device-classification/dataset/sensor/round5_positionB/sensor_r5.pcapng,130,1300.9648458957672,1308.6616821289062,Sensor,Light_XM,False
R5,full,raw_all,/home/lmy/iot-device-classification/dataset/sensor/round5_positionB/sensor_r5.pcapng,131,1310.8285081386566,1318.9129700660706,Sensor,Light_T1,False
R5,full,raw_all,/home/lmy/iot-device-classification/dataset/sensor/round5_positionB/sensor_r5.pcapng,132,1323.670475482941,1328.7448222637177,Sensor,Light_T1,False
R5,full,raw_all,/home/lmy/iot-device-classification/dataset/sensor/round5_positionB/sensor_r5.pcapng,133,1330.9094059467316,1338.7518043518066,Sensor,Light_T1,False
R5,full,raw_all,/home/lmy/iot-device-classification/dataset/sensor/round5_positionB/sensor_r5.pcapng,134,1346.4843094348907,1349.002093076706,Sensor,Light_T1,False
R5,full,raw_all,/home/lmy/iot-device-classification/dataset/sensor/round5_positionB/sensor_r5.pcapng,135,1354.0989973545074,1359.0456371307373,Sensor,Light_T1,False
R5,full,raw_all,/home/lmy/iot-device-classification/dataset/sensor/round5_positionB/sensor_r5.pcapng,136,1360.305921792984,1369.145938873291,Sensor,Light_T1,False
R5,full,raw_all,/home/lmy/iot-device-classification/dataset/sensor/round5_positionB/sensor_r5.pcapng,137,1375.6039202213287,1378.947458267212,Sensor,Light_T1,False
R5,full,raw_all,/home/lmy/iot-device-classification/dataset/sensor/round5_positionB/sensor_r5.pcapng,138,1381.0122838020325,1389.1464700698853,Sensor,Light_T1,False
R5,full,raw_all,/home/lmy/iot-device-classification/dataset/sensor/round5_positionB/sensor_r5.pcapng,139,1391.0480048656464,1399.2767355442047,Sensor,Light_T1,False
R5,full,raw_all,/home/lmy/iot-device-classification/dataset/sensor/round5_positionB/sensor_r5.pcapng,140,1400.8147883415222,1409.479777097702,Sensor,Light_T1,False
R5,full,raw_all,/home/lmy/iot-device-classification/dataset/sensor/round5_positionB/sensor_r5.pcapng,141,1414.3924345970154,1419.4621617794037,Sensor,Light_T1,False
R5,full,raw_all,/home/lmy/iot-device-classification/dataset/sensor/round5_positionB/sensor_r5.pcapng,142,1421.0770349502563,1429.548609972,Sensor,Light_T1,False
R5,full,raw_all,/home/lmy/iot-device-classification/dataset/sensor/round5_positionB/sensor_r5.pcapng,143,1434.368307352066,1439.4460246562958,Sensor,Light_T1,False
R5,full,raw_all,/home/lmy/iot-device-classification/dataset/sensor/round5_positionB/sensor_r5.pcapng,144,1444.1945703029633,1449.5469691753387,Sensor,Light_T1,False
R5,full,raw_all,/home/lmy/iot-device-classification/dataset/sensor/round5_positionB/sensor_r5.pcapng,145,1450.8548040390017,1459.9907007217407,Sensor,Light_T1,False
R5,full,raw_all,/home/lmy/iot-device-classification/dataset/sensor/round5_positionB/sensor_r5.pcapng,146,1460.0430369377136,1469.7472910881042,Sensor,Light_T1,False
R5,full,raw_all,/home/lmy/iot-device-classification/dataset/sensor/round5_positionB/sensor_r5.pcapng,147,1474.7920999526978,1479.6582291126251,Sensor,Light_T1,False
R5,full,raw_all,/home/lmy/iot-device-classification/dataset/sensor/round5_positionB/sensor_r5.pcapng,148,1481.1365718841553,1489.887939453125,Sensor,Light_XM,False
R5,full,raw_all,/home/lmy/iot-device-classification/dataset/sensor/round5_positionB/sensor_r5.pcapng,149,1490.8163673877716,1499.8629081249237,Sensor,Light_T1,False
R5,full,raw_all,/home/lmy/iot-device-classification/dataset/sensor/round5_positionB/sensor_r5.pcapng,150,1504.8723430633545,1509.9604742527008,Sensor,Light_T1,False
R5,full,raw_all,/home/lmy/iot-device-classification/dataset/sensor/round5_positionB/sensor_r5.pcapng,151,1511.1644232273102,1517.6800694465635,Sensor,Light_XM,False
R5,full,raw_all,/home/lmy/iot-device-classification/dataset/sensor/round5_positionB/sensor_r5.pcapng,152,1520.064296245575,1527.6688358783722,Sensor,Light_XM,False
R5,full,raw_all,/home/lmy/iot-device-classification/dataset/sensor/round5_positionB/sensor_r5.pcapng,153,1530.1567831039429,1537.6821115016935,Sensor,Light_T1,False
R5,full,raw_all,/home/lmy/iot-device-classification/dataset/sensor/round5_positionB/sensor_r5.pcapng,154,1540.2065258026123,1547.6894762516022,Sensor,Light_T1,False
R5,full,raw_all,/home/lmy/iot-device-classification/dataset/sensor/round5_positionB/sensor_r5.pcapng,155,1550.2568910121918,1557.7001991271973,Sensor,Light_T1,False
R5,full,raw_all,/home/lmy/iot-device-classification/dataset/sensor/round5_positionB/sensor_r5.pcapng,156,1560.1078963279724,1567.7089326381683,Sensor,Light_T1,False
R5,full,raw_all,/home/lmy/iot-device-classification/dataset/sensor/round5_positionB/sensor_r5.pcapng,157,1570.4057121276855,1577.7223825454712,Sensor,Light_T1,False
R5,full,raw_all,/home/lmy/iot-device-classification/dataset/sensor/round5_positionB/sensor_r5.pcapng,158,1580.2903020381927,1587.7323637008667,Sensor,Light_T1,False
R5,full,raw_all,/home/lmy/iot-device-classification/dataset/sensor/round5_positionB/sensor_r5.pcapng,159,1590.6053698062897,1597.742445230484,Sensor,Light_T1,False
R5,full,raw_all,/home/lmy/iot-device-classification/dataset/sensor/round5_positionB/sensor_r5.pcapng,160,1600.485176563263,1607.7492289543152,Sensor,Light_T1,False
R5,full,raw_all,/home/lmy/iot-device-classification/dataset/sensor/round5_positionB/sensor_r5.pcapng,161,1610.7569589614868,1617.760446310043,Sensor,Light_T1,False
R5,full,raw_all,/home/lmy/iot-device-classification/dataset/sensor/round5_positionB/sensor_r5.pcapng,162,1620.74587392807,1627.7696070671082,Sensor,Light_T1,False
R5,full,raw_all,/home/lmy/iot-device-classification/dataset/sensor/round5_positionB/sensor_r5.pcapng,163,1630.7063167095184,1637.7810645103457,Sensor,Light_T1,False
R5,full,raw_all,/home/lmy/iot-device-classification/dataset/sensor/round5_positionB/sensor_r5.pcapng,164,1640.858339548111,1647.790239572525,Sensor,Light_T1,False
R5,full,raw_all,/home/lmy/iot-device-classification/dataset/sensor/round5_positionB/sensor_r5.pcapng,165,1650.9574604034424,1657.8002049922943,Sensor,Light_T1,False
R5,full,raw_all,/home/lmy/iot-device-classification/dataset/sensor/round5_positionB/sensor_r5.pcapng,166,1660.8577501773834,1667.812044620514,Sensor,Light_T1,False
R5,full,raw_all,/home/lmy/iot-device-classification/dataset/sensor/round5_positionB/sensor_r5.pcapng,167,1670.8164687156675,1679.8602950572968,Sensor,Light_T1,False
R5,full,raw_all,/home/lmy/iot-device-classification/dataset/sensor/round5_positionB/sensor_r5.pcapng,168,1681.006920337677,1687.829689025879,Sensor,Light_T1,False
R5,full,raw_all,/home/lmy/iot-device-classification/dataset/sensor/round5_positionB/sensor_r5.pcapng,169,1690.8558082580566,1697.8414869308472,Sensor,Light_T1,False
R5,full,raw_all,/home/lmy/iot-device-classification/dataset/sensor/round5_positionB/sensor_r5.pcapng,170,1701.188490152359,1707.8512024879456,Sensor,Light_T1,False
R5,full,raw_all,/home/lmy/iot-device-classification/dataset/sensor/round5_positionB/sensor_r5.pcapng,171,1711.285855293274,1717.8622817993164,Sensor,Light_T1,False
R5,full,raw_all,/home/lmy/iot-device-classification/dataset/sensor/round5_positionB/sensor_r5.pcapng,172,1720.9113504886627,1727.8709371089935,Sensor,Light_T1,False
R5,full,raw_all,/home/lmy/iot-device-classification/dataset/sensor/round5_positionB/sensor_r5.pcapng,173,1731.4860689640043,1737.8808617591858,Sensor,Light_T1,False
R5,full,raw_all,/home/lmy/iot-device-classification/dataset/sensor/round5_positionB/sensor_r5.pcapng,174,1741.3062551021576,1747.8908205032349,Sensor,Light_T1,False
R5,full,raw_all,/home/lmy/iot-device-classification/dataset/sensor/round5_positionB/sensor_r5.pcapng,175,1751.407266139984,1757.9010498523712,Sensor,Light_T1,False
R5,full,raw_all,/home/lmy/iot-device-classification/dataset/sensor/round5_positionB/sensor_r5.pcapng,176,1760.8187577724457,1767.913637638092,Sensor,Light_T1,False
R5,full,raw_all,/home/lmy/iot-device-classification/dataset/sensor/round5_positionB/sensor_r5.pcapng,177,1771.7504253387451,1777.9229261875153,Sensor,Light_T1,False
R5,full,raw_all,/home/lmy/iot-device-classification/dataset/sensor/round5_positionB/sensor_r5.pcapng,178,1781.4412717819214,1787.932593345642,Sensor,Light_T1,False
R5,full,raw_all,/home/lmy/iot-device-classification/dataset/sensor/round5_positionB/sensor_r5.pcapng,179,1791.9490413665771,1797.9417297840118,Sensor,Light_T1,False
R5,full,raw_all,/home/lmy/iot-device-classification/dataset/sensor/round5_positionB/sensor_r5.pcapng,180,1802.0057265758517,1807.9529991149905,Sensor,Light_T1,False
R5,full,raw_all,/home/lmy/iot-device-classification/dataset/sensor/round5_positionB/sensor_r5.pcapng,181,1810.8692185878756,1817.9654366970065,Sensor,Light_T1,False
R5,full,raw_all,/home/lmy/iot-device-classification/dataset/sensor/round5_positionB/sensor_r5.pcapng,182,1821.9975278377533,1828.0109822750087,Sensor,Light_T1,False
R5,full,raw_all,/home/lmy/iot-device-classification/dataset/sensor/round5_positionB/sensor_r5.pcapng,183,1832.149120569229,1837.9811925888064,Sensor,Sensor,True
R5,full,raw_all,/home/lmy/iot-device-classification/dataset/sensor/round5_positionB/sensor_r5.pcapng,184,1841.4962437152865,1847.9914104938507,Sensor,Light_T1,False
R5,full,raw_all,/home/lmy/iot-device-classification/dataset/sensor/round5_positionB/sensor_r5.pcapng,185,1850.815822839737,1859.2738182544708,Sensor,Light_T1,False
R5,full,raw_all,/home/lmy/iot-device-classification/dataset/sensor/round5_positionB/sensor_r5.pcapng,186,1862.374768257141,1868.0089087486267,Sensor,Light_XM,False
R5,full,raw_all,/home/lmy/iot-device-classification/dataset/sensor/round5_positionB/sensor_r5.pcapng,187,1871.5253863334656,1878.0192699432373,Sensor,Light_T1,False
R5,full,raw_all,/home/lmy/iot-device-classification/dataset/sensor/round5_positionB/sensor_r5.pcapng,188,1882.492188215256,1888.0492327213287,Sensor,Camera,False
R5,full,raw_all,/home/lmy/iot-device-classification/dataset/sensor/round5_positionB/sensor_r5.pcapng,189,1892.59082698822,1898.0372519493103,Sensor,Light_T1,False
R5,full,raw_all,/home/lmy/iot-device-classification/dataset/sensor/round5_positionB/sensor_r5.pcapng,190,1900.8264346122744,1908.04665017128,Sensor,Light_T1,False
R5,full,raw_all,/home/lmy/iot-device-classification/dataset/sensor/round5_positionB/sensor_r5.pcapng,191,1912.68989777565,1918.996188163757,Sensor,Light_T1,False
R5,full,raw_all,/home/lmy/iot-device-classification/dataset/sensor/round5_positionB/sensor_r5.pcapng,192,1922.7893857955933,1928.1716454029083,Sensor,Light_T1,False
R5,full,raw_all,/home/lmy/iot-device-classification/dataset/sensor/round5_positionB/sensor_r5.pcapng,193,1931.5766291618347,1938.102295398712,Sensor,Light_T1,False
R5,full,raw_all,/home/lmy/iot-device-classification/dataset/sensor/round5_positionB/sensor_r5.pcapng,194,1940.808608531952,1948.0824506282809,Sensor,Light_T1,False
R5,full,raw_all,/home/lmy/iot-device-classification/dataset/sensor/round5_positionB/sensor_r5.pcapng,195,1950.9831738471985,1958.0945689678192,Sensor,Light_T1,False
R5,full,raw_all,/home/lmy/iot-device-classification/dataset/sensor/round5_positionB/sensor_r5.pcapng,196,1961.602102279663,1968.101781368256,Sensor,Light_T1,False
R5,full,raw_all,/home/lmy/iot-device-classification/dataset/sensor/round5_positionB/sensor_r5.pcapng,197,1972.9848198890688,1978.1113233566284,Sensor,Light_T1,False
R5,full,raw_all,/home/lmy/iot-device-classification/dataset/sensor/round5_positionB/sensor_r5.pcapng,198,1983.1355457305908,1988.1212952136996,Sensor,Light_T1,False
R5,full,raw_all,/home/lmy/iot-device-classification/dataset/sensor/round5_positionB/sensor_r5.pcapng,199,1990.8193204402924,1998.1445450782776,Sensor,Light_T1,False
R5,full,raw_all,/home/lmy/iot-device-classification/dataset/sensor/round5_positionB/sensor_r5.pcapng,200,2003.194881916046,2008.1385035514832,Sensor,Light_T1,False
R5,full,raw_all,/home/lmy/iot-device-classification/dataset/sensor/round5_positionB/sensor_r5.pcapng,201,2013.2815246582031,2018.149903535843,Sensor,Light_T1,False
R5,full,raw_all,/home/lmy/iot-device-classification/dataset/sensor/round5_positionB/sensor_r5.pcapng,202,2021.6583931446075,2028.1593799591064,Sensor,Light_T1,False
R5,full,raw_all,/home/lmy/iot-device-classification/dataset/sensor/round5_positionB/sensor_r5.pcapng,203,2030.801322937012,2038.1668374538424,Sensor,Light_T1,False
R5,full,raw_all,/home/lmy/iot-device-classification/dataset/sensor/round5_positionB/sensor_r5.pcapng,204,2041.5018939971924,2048.175774335861,Sensor,Light_T1,False
R5,full,raw_all,/home/lmy/iot-device-classification/dataset/sensor/round5_positionB/sensor_r5.pcapng,205,2050.815348148346,2058.185552358628,Sensor,Light_T1,False
R5,full,raw_all,/home/lmy/iot-device-classification/dataset/sensor/round5_positionB/sensor_r5.pcapng,206,2063.678654909134,2069.559336900711,Sensor,Light_T1,False
R5,full,raw_all,/home/lmy/iot-device-classification/dataset/sensor/round5_positionB/sensor_r5.pcapng,207,2070.519357442856,2078.2043266296387,Sensor,Light_T1,False
R5,full,raw_all,/home/lmy/iot-device-classification/dataset/sensor/round5_positionB/sensor_r5.pcapng,208,2081.716497898102,2088.855877637863,Sensor,Light_T1,False
R5,full,raw_all,/home/lmy/iot-device-classification/dataset/sensor/round5_positionB/sensor_r5.pcapng,209,2093.9391634464264,2098.223607778549,Sensor,Light_T1,False
R5,full,raw_all,/home/lmy/iot-device-classification/dataset/sensor/round5_positionB/sensor_r5.pcapng,210,2104.086278200149,2108.233946800232,Sensor,Light_T1,False
R5,full,raw_all,/home/lmy/iot-device-classification/dataset/sensor/round5_positionB/sensor_r5.pcapng,211,2111.7443282604218,2118.2415614128117,Sensor,Camera,False
R5,full,raw_all,/home/lmy/iot-device-classification/dataset/sensor/round5_positionB/sensor_r5.pcapng,212,2120.7957289218903,2128.253979921341,Sensor,Light_T1,False
R5,full,raw_all,/home/lmy/iot-device-classification/dataset/sensor/round5_positionB/sensor_r5.pcapng,213,2134.1358530521397,2139.17399263382,Sensor,Light_T1,False
R5,full,raw_all,/home/lmy/iot-device-classification/dataset/sensor/round5_positionB/sensor_r5.pcapng,214,2141.7697761058807,2148.2716319561005,Sensor,Light_T1,False
R5,full,raw_all,/home/lmy/iot-device-classification/dataset/sensor/round5_positionB/sensor_r5.pcapng,215,2154.5148618221283,2158.279952049256,Sensor,Light_T1,False
R5,full,raw_all,/home/lmy/iot-device-classification/dataset/sensor/round5_positionB/sensor_r5.pcapng,216,2164.4825401306152,2168.2910408973694,Sensor,Sensor,True
R5,full,raw_all,/home/lmy/iot-device-classification/dataset/sensor/round5_positionB/sensor_r5.pcapng,217,2170.808559179306,2178.300188302994,Sensor,Light_T1,False
R5,full,raw_all,/home/lmy/iot-device-classification/dataset/sensor/round5_positionB/sensor_r5.pcapng,218,2184.581990480423,2188.3201882839203,Sensor,Light_T1,False
R5,full,raw_all,/home/lmy/iot-device-classification/dataset/sensor/round5_positionB/sensor_r5.pcapng,219,2190.0505719184875,2198.352416038513,Sensor,Light_T1,False
R5,full,raw_all,/home/lmy/iot-device-classification/dataset/sensor/round5_positionB/sensor_r5.pcapng,220,2201.8285303115845,2208.3386113643646,Sensor,Light_T1,False
R5,full,raw_all,/home/lmy/iot-device-classification/dataset/sensor/round5_positionB/sensor_r5.pcapng,221,2210.791697502136,2219.5740399360657,Sensor,Light_T1,False
R5,full,raw_all,/home/lmy/iot-device-classification/dataset/sensor/round5_positionB/sensor_r5.pcapng,222,2221.5514030456543,2228.3576953411102,Sensor,Light_T1,False
R5,full,raw_all,/home/lmy/iot-device-classification/dataset/sensor/round5_positionB/sensor_r5.pcapng,223,2231.839970350265,2239.9677424430847,Sensor,Light_T1,False
R5,full,raw_all,/home/lmy/iot-device-classification/dataset/sensor/round5_positionB/sensor_r5.pcapng,224,2245.029712677002,2248.382305145264,Sensor,Light_T1,False
R5,full,raw_all,/home/lmy/iot-device-classification/dataset/sensor/round5_positionB/sensor_r5.pcapng,225,2255.078049659729,2258.387687444687,Sensor,Light_T1,False
R5,full,raw_all,/home/lmy/iot-device-classification/dataset/sensor/round5_positionB/sensor_r5.pcapng,226,2260.805530309677,2268.3963057994843,Sensor,Light_T1,False
R5,full,raw_all,/home/lmy/iot-device-classification/dataset/sensor/round5_positionB/sensor_r5.pcapng,227,2275.0768897533417,2279.850161552429,Sensor,Light_T1,False
R5,full,raw_all,/home/lmy/iot-device-classification/dataset/sensor/round5_positionB/sensor_r5.pcapng,228,2280.206006526947,2288.4162397384644,Sensor,Light_T1,False
R5,full,raw_all,/home/lmy/iot-device-classification/dataset/sensor/round5_positionB/sensor_r5.pcapng,229,2291.8546726703644,2298.424497127533,Sensor,Light_T1,False
R5,full,raw_all,/home/lmy/iot-device-classification/dataset/sensor/round5_positionB/sensor_r5.pcapng,230,2300.7877831459045,2308.442167520523,Sensor,Light_T1,False
R5,full,raw_all,/home/lmy/iot-device-classification/dataset/sensor/round5_positionB/sensor_r5.pcapng,231,2315.5233969688416,2318.4489407539368,Sensor,Light_T1,False
R5,full,raw_all,/home/lmy/iot-device-classification/dataset/sensor/round5_positionB/sensor_r5.pcapng,232,2320.533639431,2328.454607009888,Sensor,Light_T1,False
R5,full,raw_all,/home/lmy/iot-device-classification/dataset/sensor/round5_positionB/sensor_r5.pcapng,233,2335.622478723526,2338.4639389514923,Sensor,Light_XM,False
R5,full,raw_all,/home/lmy/iot-device-classification/dataset/sensor/round5_positionB/sensor_r5.pcapng,234,2344.1647593975067,2348.4811022281647,Sensor,Light_T1,False
R5,full,raw_all,/home/lmy/iot-device-classification/dataset/sensor/round5_positionB/sensor_r5.pcapng,235,2350.8258757591248,2358.486392736435,Sensor,Light_T1,False
R5,full,raw_all,/home/lmy/iot-device-classification/dataset/sensor/round5_positionB/sensor_r5.pcapng,236,2365.65474653244,2368.492796897888,Sensor,Light_T1,False
R5,full,raw_all,/home/lmy/iot-device-classification/dataset/sensor/round5_positionB/sensor_r5.pcapng,237,2373.082605838776,2378.502795934677,Sensor,Light_T1,False
R5,full,raw_all,/home/lmy/iot-device-classification/dataset/sensor/round5_positionB/sensor_r5.pcapng,238,2381.1641631126404,2388.5125629901886,Sensor,Light_XM,False
R5,full,raw_all,/home/lmy/iot-device-classification/dataset/sensor/round5_positionB/sensor_r5.pcapng,239,2390.795572757721,2398.521745204925,Sensor,Light_T1,False
R5,full,raw_all,/home/lmy/iot-device-classification/dataset/sensor/round5_positionB/sensor_r5.pcapng,240,2405.176333427429,2408.5305993556976,Sensor,Light_T1,False
R5,full,raw_all,/home/lmy/iot-device-classification/dataset/sensor/round5_positionB/sensor_r5.pcapng,241,2410.826233625412,2418.541801929474,Sensor,Light_T1,False
R5,full,raw_all,/home/lmy/iot-device-classification/dataset/sensor/round5_positionB/sensor_r5.pcapng,242,2421.16206741333,2428.5497810840607,Sensor,Light_T1,False
R5,full,raw_all,/home/lmy/iot-device-classification/dataset/sensor/round5_positionB/sensor_r5.pcapng,243,2435.794641017914,2438.56139588356,Sensor,Light_T1,False
R5,full,raw_all,/home/lmy/iot-device-classification/dataset/sensor/round5_positionB/sensor_r5.pcapng,244,2441.962543010712,2448.5702912807465,Sensor,Light_T1,False
R5,full,raw_all,/home/lmy/iot-device-classification/dataset/sensor/round5_positionB/sensor_r5.pcapng,245,2455.092740297317,2458.579262971878,Sensor,Light_T1,False
R5,full,raw_all,/home/lmy/iot-device-classification/dataset/sensor/round5_positionB/sensor_r5.pcapng,246,2461.623507499695,2468.5888090133667,Sensor,Light_T1,False
R5,full,raw_all,/home/lmy/iot-device-classification/dataset/sensor/round5_positionB/sensor_r5.pcapng,247,2471.995501518249,2478.597913503647,Sensor,Light_T1,False
R5,full,raw_all,/home/lmy/iot-device-classification/dataset/sensor/round5_positionB/sensor_r5.pcapng,248,2480.779212474823,2488.608386993408,Sensor,Light_T1,False
R5,full,raw_all,/home/lmy/iot-device-classification/dataset/sensor/round5_positionB/sensor_r5.pcapng,249,2496.6911008358,2498.620014190674,Sensor,Light_T1,False
R5,full,raw_all,/home/lmy/iot-device-classification/dataset/sensor/round5_positionB/sensor_r5.pcapng,250,2502.0208797454834,2508.633830785752,Sensor,Light_T1,False
R5,full,raw_all,/home/lmy/iot-device-classification/dataset/sensor/round5_positionB/sensor_r5.pcapng,251,2512.0375983715057,2519.110571861267,Sensor,Light_T1,False
R5,full,raw_all,/home/lmy/iot-device-classification/dataset/sensor/round5_positionB/sensor_r5.pcapng,252,2525.7781789302826,2528.648204565048,Sensor,Light_T1,False
R5,full,raw_all,/home/lmy/iot-device-classification/dataset/sensor/round5_positionB/sensor_r5.pcapng,253,2530.817421913147,2538.656808614731,Sensor,Light_T1,False
R5,full,raw_all,/home/lmy/iot-device-classification/dataset/sensor/round5_positionB/sensor_r5.pcapng,254,2546.609263420105,2548.667462587357,Sensor,Light_T1,False
R5,full,raw_all,/home/lmy/iot-device-classification/dataset/sensor/round5_positionB/sensor_r5.pcapng,255,2554.9289388656616,2558.67848610878,Sensor,Light_T1,False
R5,full,raw_all,/home/lmy/iot-device-classification/dataset/sensor/round5_positionB/sensor_r5.pcapng,256,2561.2055089473724,2568.686009168625,Sensor,Light_XM,False
R5,full,raw_all,/home/lmy/iot-device-classification/dataset/sensor/round5_positionB/sensor_r5.pcapng,257,2570.778318166733,2578.6961858272552,Sensor,Light_T1,False
R5,full,raw_all,/home/lmy/iot-device-classification/dataset/sensor/round5_positionB/sensor_r5.pcapng,258,2586.130522251129,2588.70747423172,Sensor,Light_T1,False
R5,full,raw_all,/home/lmy/iot-device-classification/dataset/sensor/round5_positionB/sensor_r5.pcapng,259,2592.106001138687,2598.718855857849,Sensor,Light_T1,False
R5,full,raw_all,/home/lmy/iot-device-classification/dataset/sensor/round5_positionB/sensor_r5.pcapng,260,2601.0166549682617,2608.766588449478,Sensor,Light_T1,False
R5,full,raw_all,/home/lmy/iot-device-classification/dataset/sensor/round5_positionB/sensor_r5.pcapng,261,2615.247363805771,2618.7372965812683,Sensor,Light_T1,False
R5,full,raw_all,/home/lmy/iot-device-classification/dataset/sensor/round5_positionB/sensor_r5.pcapng,262,2620.814831733704,2628.7466876506805,Sensor,Light_T1,False
R5,full,raw_all,/home/lmy/iot-device-classification/dataset/sensor/round5_positionB/sensor_r5.pcapng,263,2636.048661708832,2638.7588727474213,Sensor,Light_T1,False
R5,full,raw_all,/home/lmy/iot-device-classification/dataset/sensor/round5_positionB/sensor_r5.pcapng,264,2644.2068049907684,2648.765011548996,Sensor,Light_T1,False
R5,full,raw_all,/home/lmy/iot-device-classification/dataset/sensor/round5_positionB/sensor_r5.pcapng,265,2650.793142557144,2658.776371955872,Sensor,Light_T1,False
R5,full,raw_all,/home/lmy/iot-device-classification/dataset/sensor/round5_positionB/sensor_r5.pcapng,266,2660.788795948029,2668.786220550537,Sensor,Light_T1,False
R5,full,raw_all,/home/lmy/iot-device-classification/dataset/sensor/round5_positionB/sensor_r5.pcapng,267,2675.56658577919,2679.1634249687195,Sensor,Light_XM,False
R5,full,raw_all,/home/lmy/iot-device-classification/dataset/sensor/round5_positionB/sensor_r5.pcapng,268,2682.194121360779,2688.807546854019,Sensor,Light_T1,False
R5,full,raw_all,/home/lmy/iot-device-classification/dataset/sensor/round5_positionB/sensor_r5.pcapng,269,2695.5349550247192,2698.8167021274567,Sensor,Light_T1,False
R5,full,raw_all,/home/lmy/iot-device-classification/dataset/sensor/round5_positionB/sensor_r5.pcapng,270,2705.534700632096,2708.8254158496857,Sensor,Light_T1,False
R5,full,raw_all,/home/lmy/iot-device-classification/dataset/sensor/round5_positionB/sensor_r5.pcapng,271,2710.873759508133,2718.8396599292755,Sensor,Light_T1,False
R5,full,raw_all,/home/lmy/iot-device-classification/dataset/sensor/round5_positionB/sensor_r5.pcapng,272,2725.571185350418,2728.843702316284,Sensor,Light_T1,False
R5,full,raw_all,/home/lmy/iot-device-classification/dataset/sensor/round5_positionB/sensor_r5.pcapng,273,2735.895297765732,2738.854437828064,Sensor,Light_T1,False
R5,full,raw_all,/home/lmy/iot-device-classification/dataset/sensor/round5_positionB/sensor_r5.pcapng,274,2742.2533564567566,2748.8727231025696,Sensor,Light_T1,False
R5,full,raw_all,/home/lmy/iot-device-classification/dataset/sensor/round5_positionB/sensor_r5.pcapng,275,2750.7859387397766,2758.8770401477814,Sensor,Light_T1,False
R5,full,raw_all,/home/lmy/iot-device-classification/dataset/sensor/round5_positionB/sensor_r5.pcapng,276,2765.784675359726,2769.7131946086884,Sensor,Light_XM,False
R5,full,raw_all,/home/lmy/iot-device-classification/dataset/sensor/round5_positionB/sensor_r5.pcapng,277,2772.2827813625336,2778.8948397636414,Sensor,Light_T1,False
R5,full,raw_all,/home/lmy/iot-device-classification/dataset/sensor/round5_positionB/sensor_r5.pcapng,278,2780.5623083114624,2788.904248714447,Sensor,Light_T1,False
R5,full,raw_all,/home/lmy/iot-device-classification/dataset/sensor/round5_positionB/sensor_r5.pcapng,279,2793.881478309632,2798.9140050411224,Sensor,Light_T1,False
R5,full,raw_all,/home/lmy/iot-device-classification/dataset/sensor/round5_positionB/sensor_r5.pcapng,280,2800.870339870453,2808.9227182865143,Sensor,Light_T1,False
R5,full,raw_all,/home/lmy/iot-device-classification/dataset/sensor/round5_positionB/sensor_r5.pcapng,281,2817.0043590068817,2819.0251274108887,Sensor,Light_T1,False
R5,full,raw_all,/home/lmy/iot-device-classification/dataset/sensor/round5_positionB/sensor_r5.pcapng,282,2825.3246941566467,2828.9580686092377,Sensor,Light_T1,False
R5,full,raw_all,/home/lmy/iot-device-classification/dataset/sensor/round5_positionB/sensor_r5.pcapng,283,2832.351964712143,2839.1149332523346,Sensor,Light_T1,False
R5,full,raw_all,/home/lmy/iot-device-classification/dataset/sensor/round5_positionB/sensor_r5.pcapng,284,2840.783376932144,2849.1143474578857,Sensor,Light_T1,False
R5,full,raw_all,/home/lmy/iot-device-classification/dataset/sensor/round5_positionB/sensor_r5.pcapng,285,2856.52290058136,2859.198577165604,Sensor,Light_T1,False
R5,full,raw_all,/home/lmy/iot-device-classification/dataset/sensor/round5_positionB/sensor_r5.pcapng,286,2862.372362136841,2869.2917141914368,Sensor,Light_T1,False
R5,full,raw_all,/home/lmy/iot-device-classification/dataset/sensor/round5_positionB/sensor_r5.pcapng,287,2877.3251962661743,2879.9520678520203,Sensor,Light_T1,False
R5,full,raw_all,/home/lmy/iot-device-classification/dataset/sensor/round5_positionB/sensor_r5.pcapng,288,2880.057652950287,2889.414525747299,Sensor,Light_T1,False
R5,full,raw_all,/home/lmy/iot-device-classification/dataset/sensor/round5_positionB/sensor_r5.pcapng,289,2890.7891857624054,2899.493664264679,Sensor,Light_T1,False
R5,full,raw_all,/home/lmy/iot-device-classification/dataset/sensor/round5_positionB/sensor_r5.pcapng,290,2906.4426827430725,2909.6131794452667,Sensor,Light_T1,False
R5,full,raw_all,/home/lmy/iot-device-classification/dataset/sensor/round5_positionB/sensor_r5.pcapng,291,2916.841929912567,2919.710761785507,Sensor,Light_T1,False
R5,full,raw_all,/home/lmy/iot-device-classification/dataset/sensor/round5_positionB/sensor_r5.pcapng,292,2922.436715364456,2929.7715017795563,Sensor,Light_T1,False
R5,full,raw_all,/home/lmy/iot-device-classification/dataset/sensor/round5_positionB/sensor_r5.pcapng,293,2930.769677400589,2939.8490693569183,Sensor,Light_T1,False
R5,full,raw_all,/home/lmy/iot-device-classification/dataset/sensor/round5_positionB/sensor_r5.pcapng,294,2944.143374919892,2949.815626144409,Sensor,Light_T1,False
R5,full,raw_all,/home/lmy/iot-device-classification/dataset/sensor/round5_positionB/sensor_r5.pcapng,295,2952.4632017612457,2959.959139108658,Sensor,Light_T1,False
R5,full,raw_all,/home/lmy/iot-device-classification/dataset/sensor/round5_positionB/sensor_r5.pcapng,296,2960.2383663654327,2969.0812170505524,Sensor,Light_T1,False
R5,full,raw_all,/home/lmy/iot-device-classification/dataset/sensor/round5_positionB/sensor_r5.pcapng,297,2970.1104061603546,2979.090547561645,Sensor,Light_T1,False
R5,full,raw_all,/home/lmy/iot-device-classification/dataset/sensor/round5_positionB/sensor_r5.pcapng,298,2980.1124498844147,2989.1003334522247,Sensor,Light_T1,False
R5,full,raw_all,/home/lmy/iot-device-classification/dataset/sensor/round5_positionB/sensor_r5.pcapng,299,2990.047729730606,2999.111804962158,Sensor,Light_T1,False
R5,full,raw_all,/home/lmy/iot-device-classification/dataset/sensor/round5_positionB/sensor_r5.pcapng,300,3000.1476402282715,3009.122341156006,Sensor,Light_T1,False
R5,full,raw_all,/home/lmy/iot-device-classification/dataset/sensor/round5_positionB/sensor_r5.pcapng,301,3010.2482681274414,3019.1386909484863,Sensor,Light_T1,False
R5,full,raw_all,/home/lmy/iot-device-classification/dataset/sensor/round5_positionB/sensor_r5.pcapng,302,3020.3478739261627,3029.141241788864,Sensor,Light_T1,False
R5,full,raw_all,/home/lmy/iot-device-classification/dataset/sensor/round5_positionB/sensor_r5.pcapng,303,3030.3020498752594,3039.1512632369995,Sensor,Light_T1,False
R5,full,raw_all,/home/lmy/iot-device-classification/dataset/sensor/round5_positionB/sensor_r5.pcapng,304,3040.547819375992,3049.16188454628,Sensor,Light_T1,False
R5,full,raw_all,/home/lmy/iot-device-classification/dataset/sensor/round5_positionB/sensor_r5.pcapng,305,3050.5480666160583,3059.171183347702,Sensor,Light_T1,False
R5,full,raw_all,/home/lmy/iot-device-classification/dataset/sensor/round5_positionB/sensor_r5.pcapng,306,3060.6484258174896,3069.1817712783813,Sensor,Light_T1,False
R5,full,raw_all,/home/lmy/iot-device-classification/dataset/sensor/round5_positionB/sensor_r5.pcapng,307,3070.588327884674,3079.1910524368286,Sensor,Light_T1,False
R5,full,raw_all,/home/lmy/iot-device-classification/dataset/sensor/round5_positionB/sensor_r5.pcapng,308,3081.0989847183228,3089.217167377472,Sensor,Light_T1,False
R5,full,raw_all,/home/lmy/iot-device-classification/dataset/sensor/round5_positionB/sensor_r5.pcapng,309,3090.648412704468,3099.210471868515,Sensor,Light_T1,False
R5,full,raw_all,/home/lmy/iot-device-classification/dataset/sensor/round5_positionB/sensor_r5.pcapng,310,3100.7471449375157,3109.220321893692,Sensor,Light_XM,False
R5,full,raw_all,/home/lmy/iot-device-classification/dataset/sensor/round5_positionB/sensor_r5.pcapng,311,3110.780149698257,3119.30282497406,Sensor,Light_T1,False
R5,full,raw_all,/home/lmy/iot-device-classification/dataset/sensor/round5_positionB/sensor_r5.pcapng,312,3121.046903371811,3129.240704536438,Sensor,Light_T1,False
R5,full,raw_all,/home/lmy/iot-device-classification/dataset/sensor/round5_positionB/sensor_r5.pcapng,313,3130.998195409775,3139.25075173378,Sensor,Light_T1,False
R5,full,raw_all,/home/lmy/iot-device-classification/dataset/sensor/round5_positionB/sensor_r5.pcapng,314,3141.1463198661804,3149.2603504657745,Sensor,Light_T1,False
R5,full,raw_all,/home/lmy/iot-device-classification/dataset/sensor/round5_positionB/sensor_r5.pcapng,315,3151.2466287612915,3159.270375728607,Sensor,Light_T1,False
R5,full,raw_all,/home/lmy/iot-device-classification/dataset/sensor/round5_positionB/sensor_r5.pcapng,316,3160.2061190605164,3169.2798042297363,Sensor,Light_T1,False
R5,full,raw_all,/home/lmy/iot-device-classification/dataset/sensor/round5_positionB/sensor_r5.pcapng,317,3171.2459094524384,3179.292418718338,Sensor,Light_T1,False
R5,full,raw_all,/home/lmy/iot-device-classification/dataset/sensor/round5_positionB/sensor_r5.pcapng,318,3181.4984085559845,3189.300335645676,Sensor,Light_T1,False
R5,full,raw_all,/home/lmy/iot-device-classification/dataset/sensor/round5_positionB/sensor_r5.pcapng,319,3191.6453864574432,3199.311304092407,Sensor,Light_T1,False
R5,full,raw_all,/home/lmy/iot-device-classification/dataset/sensor/round5_positionB/sensor_r5.pcapng,320,3200.765672445297,3209.320417165756,Sensor,Light_T1,False
R5,full,raw_all,/home/lmy/iot-device-classification/dataset/sensor/round5_positionB/sensor_r5.pcapng,321,3211.0359382629395,3219.328535795212,Sensor,Light_T1,False
R5,full,raw_all,/home/lmy/iot-device-classification/dataset/sensor/round5_positionB/sensor_r5.pcapng,322,3221.7454075813293,3229.3399851322174,Sensor,Light_T1,False
R5,full,raw_all,/home/lmy/iot-device-classification/dataset/sensor/round5_positionB/sensor_r5.pcapng,323,3231.754254579544,3239.3500831127167,Sensor,Light_T1,False
R5,full,raw_all,/home/lmy/iot-device-classification/dataset/sensor/round5_positionB/sensor_r5.pcapng,324,3241.848863363266,3249.360388994217,Sensor,Light_T1,False
R5,full,raw_all,/home/lmy/iot-device-classification/dataset/sensor/round5_positionB/sensor_r5.pcapng,325,3250.784699201584,3259.975516319275,Sensor,Light_T1,False
R5,full,raw_all,/home/lmy/iot-device-classification/dataset/sensor/round5_positionB/sensor_r5.pcapng,326,3260.0241265296936,3269.380914211273,Sensor,Light_T1,False
R5,full,raw_all,/home/lmy/iot-device-classification/dataset/sensor/round5_positionB/sensor_r5.pcapng,327,3273.04395031929,3279.3932445049286,Sensor,Light_T1,False
R5,full,raw_all,/home/lmy/iot-device-classification/dataset/sensor/round5_positionB/sensor_r5.pcapng,328,3282.234539747238,3289.398052930832,Sensor,Light_T1,False
R5,full,raw_all,/home/lmy/iot-device-classification/dataset/sensor/round5_positionB/sensor_r5.pcapng,329,3290.764428138733,3299.4087393283844,Sensor,Light_T1,False
R5,full,raw_all,/home/lmy/iot-device-classification/dataset/sensor/round5_positionB/sensor_r5.pcapng,330,3302.4220204353333,3309.419685125351,Sensor,Light_T1,False
R5,full,raw_all,/home/lmy/iot-device-classification/dataset/sensor/round5_positionB/sensor_r5.pcapng,331,3312.407509803772,3319.428249835968,Sensor,Light_XM,False
R5,full,raw_all,/home/lmy/iot-device-classification/dataset/sensor/round5_positionB/sensor_r5.pcapng,332,3322.405920505524,3329.4403822422028,Sensor,Light_T1,False
R5,full,raw_all,/home/lmy/iot-device-classification/dataset/sensor/round5_positionB/sensor_r5.pcapng,333,3332.605792760849,3339.4490044116974,Sensor,Light_XM,False
R5,full,raw_all,/home/lmy/iot-device-classification/dataset/sensor/round5_positionB/sensor_r5.pcapng,334,3340.8035571575165,3349.459619283676,Sensor,Light_T1,False
R5,full,raw_all,/home/lmy/iot-device-classification/dataset/sensor/round5_positionB/sensor_r5.pcapng,335,3352.655977010727,3359.4695546627045,Sensor,Light_T1,False
R5,full,raw_all,/home/lmy/iot-device-classification/dataset/sensor/round5_positionB/sensor_r5.pcapng,336,3362.905768156052,3369.479173183441,Sensor,Light_T1,False
R5,full,raw_all,/home/lmy/iot-device-classification/dataset/sensor/round5_positionB/sensor_r5.pcapng,337,3370.864282608032,3379.524642944336,Sensor,Light_T1,False
R5,full,raw_all,/home/lmy/iot-device-classification/dataset/sensor/round5_positionB/sensor_r5.pcapng,338,3380.56564617157,3389.499406337738,Sensor,Light_T1,False
R5,full,raw_all,/home/lmy/iot-device-classification/dataset/sensor/round5_positionB/sensor_r5.pcapng,339,3393.053401947021,3399.5076699256897,Sensor,Light_T1,False
R5,full,raw_all,/home/lmy/iot-device-classification/dataset/sensor/round5_positionB/sensor_r5.pcapng,340,3402.909060955048,3409.5375854969025,Sensor,Light_T1,False
R5,full,raw_all,/home/lmy/iot-device-classification/dataset/sensor/round5_positionB/sensor_r5.pcapng,341,3413.7529044151306,3419.531085729599,Sensor,Light_T1,False
R5,full,raw_all,/home/lmy/iot-device-classification/dataset/sensor/round5_positionB/sensor_r5.pcapng,342,3423.2327466011047,3429.5400955677032,Sensor,Light_T1,False
R5,full,raw_all,/home/lmy/iot-device-classification/dataset/sensor/round5_positionB/sensor_r5.pcapng,343,3430.7849550247192,3439.549202680588,Sensor,Light_T1,False
R5,full,raw_all,/home/lmy/iot-device-classification/dataset/sensor/round5_positionB/sensor_r5.pcapng,344,3443.305077791214,3449.56312251091,Sensor,Light_T1,False
R5,full,raw_all,/home/lmy/iot-device-classification/dataset/sensor/round5_positionB/sensor_r5.pcapng,345,3453.606287240982,3459.5678198337555,Sensor,Sensor,True
R5,full,raw_all,/home/lmy/iot-device-classification/dataset/sensor/round5_positionB/sensor_r5.pcapng,346,3462.9380230903625,3469.579964160919,Sensor,Light_T1,False
R5,full,raw_all,/home/lmy/iot-device-classification/dataset/sensor/round5_positionB/sensor_r5.pcapng,347,3470.763458490372,3479.587830066681,Sensor,Light_T1,False
R5,full,raw_all,/home/lmy/iot-device-classification/dataset/sensor/round5_positionB/sensor_r5.pcapng,348,3480.013885498047,3489.5997569561005,Sensor,Light_T1,False
R5,full,raw_all,/home/lmy/iot-device-classification/dataset/sensor/round5_positionB/sensor_r5.pcapng,349,3490.8544878959656,3499.6082439422607,Sensor,Light_T1,False
R5,full,raw_all,/home/lmy/iot-device-classification/dataset/sensor/round5_positionB/sensor_r5.pcapng,350,3503.752143383026,3509.617396593094,Sensor,Sensor,True
R5,full,raw_all,/home/lmy/iot-device-classification/dataset/sensor/round5_positionB/sensor_r5.pcapng,351,3514.0047690868378,3519.632159948349,Sensor,Light_T1,False
R5,full,raw_all,/home/lmy/iot-device-classification/dataset/sensor/round5_positionB/sensor_r5.pcapng,352,3520.7821829319,3529.640656232834,Sensor,Light_T1,False
R5,full,raw_all,/home/lmy/iot-device-classification/dataset/sensor/round5_positionB/sensor_r5.pcapng,353,3534.1844091415405,3539.6940281391144,Sensor,Light_T1,False
R5,full,raw_all,/home/lmy/iot-device-classification/dataset/sensor/round5_positionB/sensor_r5.pcapng,354,3543.9521617889404,3549.6590328216557,Sensor,Light_T1,False
R5,full,raw_all,/home/lmy/iot-device-classification/dataset/sensor/round5_positionB/sensor_r5.pcapng,355,3552.9682371616364,3559.667152643204,Sensor,Light_T1,False
R5,full,raw_all,/home/lmy/iot-device-classification/dataset/sensor/round5_positionB/sensor_r5.pcapng,356,3560.762633085251,3569.678510904312,Sensor,Light_T1,False
R5,full,raw_all,/home/lmy/iot-device-classification/dataset/sensor/round5_positionB/sensor_r5.pcapng,357,3574.405013084412,3579.687244653702,Sensor,Light_T1,False
R5,full,raw_all,/home/lmy/iot-device-classification/dataset/sensor/round5_positionB/sensor_r5.pcapng,358,3582.9994559288025,3589.697866678238,Sensor,Light_T1,False
R5,full,raw_all,/home/lmy/iot-device-classification/dataset/sensor/round5_positionB/sensor_r5.pcapng,359,3594.5516901016235,3599.7188646793365,Sensor,Light_T1,False
R5,full,raw_all,/home/lmy/iot-device-classification/dataset/sensor/round5_positionB/sensor_r5.pcapng,360,3600.391260623932,3609.7191503047934,Sensor,Light_T1,False
R5,full,raw_all,/home/lmy/iot-device-classification/dataset/sensor/round5_positionB/sensor_r5.pcapng,361,3610.7821147441855,3619.727262735367,Sensor,Light_T1,False
R5,full,raw_all,/home/lmy/iot-device-classification/dataset/socket/round5_positionB/socket_r5.pcapng,0,0.0,9.262512445449827,Socket,Socket,True
R5,full,raw_all,/home/lmy/iot-device-classification/dataset/socket/round5_positionB/socket_r5.pcapng,1,10.276438236236572,19.8387393951416,Socket,Socket,True
R5,full,raw_all,/home/lmy/iot-device-classification/dataset/socket/round5_positionB/socket_r5.pcapng,2,21.19003915786743,29.68852925300598,Socket,Socket,True
R5,full,raw_all,/home/lmy/iot-device-classification/dataset/socket/round5_positionB/socket_r5.pcapng,3,32.105992794036865,39.520925998687744,Socket,Socket,True
R5,full,raw_all,/home/lmy/iot-device-classification/dataset/socket/round5_positionB/socket_r5.pcapng,4,40.2231833934784,49.35258984565735,Socket,Socket,True
R5,full,raw_all,/home/lmy/iot-device-classification/dataset/socket/round5_positionB/socket_r5.pcapng,5,53.18520760536194,59.87779402732849,Socket,Socket,True
R5,full,raw_all,/home/lmy/iot-device-classification/dataset/socket/round5_positionB/socket_r5.pcapng,6,60.10725235939026,69.94896411895752,Socket,Socket,True
R5,full,raw_all,/home/lmy/iot-device-classification/dataset/socket/round5_positionB/socket_r5.pcapng,7,70.1033444404602,79.948495388031,Socket,Socket,True
R5,full,raw_all,/home/lmy/iot-device-classification/dataset/socket/round5_positionB/socket_r5.pcapng,8,82.41984724998474,89.78038692474365,Socket,Socket,True
R5,full,raw_all,/home/lmy/iot-device-classification/dataset/socket/round5_positionB/socket_r5.pcapng,9,92.51300859451294,99.82047486305235,Socket,Socket,True
R5,full,raw_all,/home/lmy/iot-device-classification/dataset/socket/round5_positionB/socket_r5.pcapng,10,100.22783637046814,107.83972001075745,Socket,Socket,True
R5,full,raw_all,/home/lmy/iot-device-classification/dataset/socket/round5_positionB/socket_r5.pcapng,11,110.58235216140748,117.8384175300598,Socket,Socket,True
R5,full,raw_all,/home/lmy/iot-device-classification/dataset/socket/round5_positionB/socket_r5.pcapng,12,120.43208456039427,129.57118964195251,Socket,Socket,True
R5,full,raw_all,/home/lmy/iot-device-classification/dataset/socket/round5_positionB/socket_r5.pcapng,13,130.2638339996338,137.89009189605713,Socket,Socket,True
R5,full,raw_all,/home/lmy/iot-device-classification/dataset/socket/round5_positionB/socket_r5.pcapng,14,140.1137337684631,149.94522094726562,Socket,Socket,True
R5,full,raw_all,/home/lmy/iot-device-classification/dataset/socket/round5_positionB/socket_r5.pcapng,15,150.05616116523743,159.92717289924622,Socket,Socket,True
R5,full,raw_all,/home/lmy/iot-device-classification/dataset/socket/round5_positionB/socket_r5.pcapng,16,160.3293001651764,167.93973326683044,Socket,Socket,True
R5,full,raw_all,/home/lmy/iot-device-classification/dataset/socket/round5_positionB/socket_r5.pcapng,17,170.67214512825012,178.05375218391418,Socket,Socket,True
R5,full,raw_all,/home/lmy/iot-device-classification/dataset/socket/round5_positionB/socket_r5.pcapng,18,180.48623371124268,188.42181038856504,Socket,Socket,True
R5,full,raw_all,/home/lmy/iot-device-classification/dataset/socket/round5_positionB/socket_r5.pcapng,19,190.3477017879486,197.8887076377869,Socket,Socket,True
R5,full,raw_all,/home/lmy/iot-device-classification/dataset/socket/round5_positionB/socket_r5.pcapng,20,200.2096967697144,209.2103157043457,Socket,Socket,True
R5,full,raw_all,/home/lmy/iot-device-classification/dataset/socket/round5_positionB/socket_r5.pcapng,21,211.1521153450012,217.944043636322,Socket,Socket,True
R5,full,raw_all,/home/lmy/iot-device-classification/dataset/socket/round5_positionB/socket_r5.pcapng,22,220.29912328720093,227.93707299232483,Socket,Socket,True
R5,full,raw_all,/home/lmy/iot-device-classification/dataset/socket/round5_positionB/socket_r5.pcapng,23,230.8649115562439,238.0895459651947,Socket,Socket,True
R5,full,raw_all,/home/lmy/iot-device-classification/dataset/socket/round5_positionB/socket_r5.pcapng,24,240.7089631557465,248.30171632766724,Socket,Socket,True
R5,full,raw_all,/home/lmy/iot-device-classification/dataset/socket/round5_positionB/socket_r5.pcapng,25,250.34671998023987,258.09036135673523,Socket,Socket,True
R5,full,raw_all,/home/lmy/iot-device-classification/dataset/socket/round5_positionB/socket_r5.pcapng,26,260.46054697036743,267.9570472240448,Socket,Socket,True
R5,full,raw_all,/home/lmy/iot-device-classification/dataset/socket/round5_positionB/socket_r5.pcapng,27,271.3601467609405,278.0914270877838,Socket,Socket,True
R5,full,raw_all,/home/lmy/iot-device-classification/dataset/socket/round5_positionB/socket_r5.pcapng,28,280.3969695568085,288.0904459953308,Socket,Socket,True
R5,full,raw_all,/home/lmy/iot-device-classification/dataset/socket/round5_positionB/socket_r5.pcapng,29,291.0001916885376,298.0905508995056,Socket,Socket,True
R5,full,raw_all,/home/lmy/iot-device-classification/dataset/socket/round5_positionB/socket_r5.pcapng,30,300.8390693664551,308.0898976325989,Socket,Socket,True
R5,full,raw_all,/home/lmy/iot-device-classification/dataset/socket/round5_positionB/socket_r5.pcapng,31,310.4512584209442,319.195702791214,Socket,Socket,True
R5,full,raw_all,/home/lmy/iot-device-classification/dataset/socket/round5_positionB/socket_r5.pcapng,32,321.6062116622925,328.6086263656616,Socket,Socket,True
R5,full,raw_all,/home/lmy/iot-device-classification/dataset/socket/round5_positionB/socket_r5.pcapng,33,331.4244668483734,338.2315020561218,Socket,Socket,True
R5,full,raw_all,/home/lmy/iot-device-classification/dataset/socket/round5_positionB/socket_r5.pcapng,34,340.3978340625763,348.1130647659302,Socket,Socket,True
R5,full,raw_all,/home/lmy/iot-device-classification/dataset/socket/round5_positionB/socket_r5.pcapng,35,352.18384766578674,358.1054236888885,Socket,Socket,True
R5,full,raw_all,/home/lmy/iot-device-classification/dataset/socket/round5_positionB/socket_r5.pcapng,36,362.0043201446533,369.4313142299652,Socket,Socket,True
R5,full,raw_all,/home/lmy/iot-device-classification/dataset/socket/round5_positionB/socket_r5.pcapng,37,370.56360840797424,378.099155664444,Socket,Socket,True
R5,full,raw_all,/home/lmy/iot-device-classification/dataset/socket/round5_positionB/socket_r5.pcapng,38,381.7048587799072,388.8029515743256,Socket,Socket,True
R5,full,raw_all,/home/lmy/iot-device-classification/dataset/socket/round5_positionB/socket_r5.pcapng,39,391.5855288505554,398.1213300228119,Socket,Socket,True
R5,full,raw_all,/home/lmy/iot-device-classification/dataset/socket/round5_positionB/socket_r5.pcapng,40,400.50396490097046,408.1142315864563,Socket,Socket,True
R5,full,raw_all,/home/lmy/iot-device-classification/dataset/socket/round5_positionB/socket_r5.pcapng,41,412.4851412773132,418.3130707740784,Socket,Socket,True
R5,full,raw_all,/home/lmy/iot-device-classification/dataset/socket/round5_positionB/socket_r5.pcapng,42,421.9933052062988,428.1840207576752,Socket,Socket,True
R5,full,raw_all,/home/lmy/iot-device-classification/dataset/socket/round5_positionB/socket_r5.pcapng,43,430.55367493629456,438.1665120124817,Socket,Socket,True
R5,full,raw_all,/home/lmy/iot-device-classification/dataset/socket/round5_positionB/socket_r5.pcapng,44,442.05892515182495,448.23534774780273,Socket,Socket,True
R5,full,raw_all,/home/lmy/iot-device-classification/dataset/socket/round5_positionB/socket_r5.pcapng,45,451.8878183364868,458.4450664520264,Socket,Socket,True
R5,full,raw_all,/home/lmy/iot-device-classification/dataset/socket/round5_positionB/socket_r5.pcapng,46,460.5767846107483,468.22000098228455,Socket,Socket,True
R5,full,raw_all,/home/lmy/iot-device-classification/dataset/socket/round5_positionB/socket_r5.pcapng,47,470.4856972694397,478.2902762889862,Socket,Socket,True
R5,full,raw_all,/home/lmy/iot-device-classification/dataset/socket/round5_positionB/socket_r5.pcapng,48,482.4905304908752,488.37848567962646,Socket,Socket,True
R5,full,raw_all,/home/lmy/iot-device-classification/dataset/socket/round5_positionB/socket_r5.pcapng,49,490.6284065246582,498.3722651004791,Socket,Socket,True
R5,full,raw_all,/home/lmy/iot-device-classification/dataset/socket/round5_positionB/socket_r5.pcapng,50,502.1972229480744,508.2326140403748,Socket,Socket,True
R5,full,raw_all,/home/lmy/iot-device-classification/dataset/socket/round5_positionB/socket_r5.pcapng,51,512.0350081920624,518.2502436637878,Socket,Socket,True
R5,full,raw_all,/home/lmy/iot-device-classification/dataset/socket/round5_positionB/socket_r5.pcapng,52,520.5838980674744,528.2975599765778,Socket,Socket,True
R5,full,raw_all,/home/lmy/iot-device-classification/dataset/socket/round5_positionB/socket_r5.pcapng,53,532.8637771606445,538.3122208118439,Socket,Socket,True
R5,full,raw_all,/home/lmy/iot-device-classification/dataset/socket/round5_positionB/socket_r5.pcapng,54,542.6858797073364,548.2807049751282,Socket,Socket,True
R5,full,raw_all,/home/lmy/iot-device-classification/dataset/socket/round5_positionB/socket_r5.pcapng,55,550.6338043212891,558.3604235649109,Socket,Socket,True
R5,full,raw_all,/home/lmy/iot-device-classification/dataset/socket/round5_positionB/socket_r5.pcapng,56,562.4965224266052,568.3419873714447,Socket,Socket,True
R5,full,raw_all,/home/lmy/iot-device-classification/dataset/socket/round5_positionB/socket_r5.pcapng,57,573.4077167510986,579.9691841602325,Socket,Socket,True
R5,full,raw_all,/home/lmy/iot-device-classification/dataset/socket/round5_positionB/socket_r5.pcapng,58,580.6824779510498,588.2969992160797,Socket,Socket,True
R5,full,raw_all,/home/lmy/iot-device-classification/dataset/socket/round5_positionB/socket_r5.pcapng,59,593.0595099925995,598.4604067802429,Socket,Socket,True
R5,full,raw_all,/home/lmy/iot-device-classification/dataset/socket/round5_positionB/socket_r5.pcapng,60,602.8896920681,609.4364328384399,Socket,Socket,True
R5,full,raw_all,/home/lmy/iot-device-classification/dataset/socket/round5_positionB/socket_r5.pcapng,61,610.7347345352173,618.3519155979156,Socket,Socket,True
R5,full,raw_all,/home/lmy/iot-device-classification/dataset/socket/round5_positionB/socket_r5.pcapng,62,621.342146396637,629.7657928466797,Socket,Socket,True
R5,full,raw_all,/home/lmy/iot-device-classification/dataset/socket/round5_positionB/socket_r5.pcapng,63,631.1000809669495,638.4239056110382,Socket,Socket,True
R5,full,raw_all,/home/lmy/iot-device-classification/dataset/socket/round5_positionB/socket_r5.pcapng,64,640.7901451587677,648.7111542224884,Socket,Socket,True
R5,full,raw_all,/home/lmy/iot-device-classification/dataset/socket/round5_positionB/socket_r5.pcapng,65,654.2139036655426,658.3976323604584,Socket,Socket,True
R5,full,raw_all,/home/lmy/iot-device-classification/dataset/socket/round5_positionB/socket_r5.pcapng,66,664.0382313728333,668.5968909263611,Socket,Socket,True
R5,full,raw_all,/home/lmy/iot-device-classification/dataset/socket/round5_positionB/socket_r5.pcapng,67,670.738522529602,678.4813587665558,Socket,Socket,True
R5,full,raw_all,/home/lmy/iot-device-classification/dataset/socket/round5_positionB/socket_r5.pcapng,68,681.8263201713562,688.4014904499054,Socket,Socket,True
R5,full,raw_all,/home/lmy/iot-device-classification/dataset/socket/round5_positionB/socket_r5.pcapng,69,693.5881366729736,698.4077961444855,Socket,Socket,True
R5,full,raw_all,/home/lmy/iot-device-classification/dataset/socket/round5_positionB/socket_r5.pcapng,70,700.9933984279633,708.507782459259,Socket,Socket,True
R5,full,raw_all,/home/lmy/iot-device-classification/dataset/socket/round5_positionB/socket_r5.pcapng,71,713.3178205490112,718.9927592277527,Socket,Socket,True
R5,full,raw_all,/home/lmy/iot-device-classification/dataset/socket/round5_positionB/socket_r5.pcapng,72,724.3349578380585,729.7871112823486,Socket,Socket,True
R5,full,raw_all,/home/lmy/iot-device-classification/dataset/socket/round5_positionB/socket_r5.pcapng,73,730.8073697090149,738.675710439682,Socket,Socket,True
R5,full,raw_all,/home/lmy/iot-device-classification/dataset/socket/round5_positionB/socket_r5.pcapng,74,743.9983558654785,748.5587365627289,Socket,Socket,True
R5,full,raw_all,/home/lmy/iot-device-classification/dataset/socket/round5_positionB/socket_r5.pcapng,75,753.8282253742218,758.4667069911957,Socket,Socket,True
R5,full,raw_all,/home/lmy/iot-device-classification/dataset/socket/round5_positionB/socket_r5.pcapng,76,760.8600144386292,769.261072397232,Socket,Socket,True
R5,full,raw_all,/home/lmy/iot-device-classification/dataset/socket/round5_positionB/socket_r5.pcapng,77,773.3376085758209,779.11359167099,Socket,Socket,True
R5,full,raw_all,/home/lmy/iot-device-classification/dataset/socket/round5_positionB/socket_r5.pcapng,78,784.1201021671295,788.8738529682159,Socket,Socket,True
R5,full,raw_all,/home/lmy/iot-device-classification/dataset/socket/round5_positionB/socket_r5.pcapng,79,790.8602104187012,798.7743284702301,Socket,Socket,True
R5,full,raw_all,/home/lmy/iot-device-classification/dataset/socket/round5_positionB/socket_r5.pcapng,80,804.0607285499573,808.6242439746857,Socket,Socket,True
R5,full,raw_all,/home/lmy/iot-device-classification/dataset/socket/round5_positionB/socket_r5.pcapng,81,815.0399208068848,819.7441673278809,Socket,Socket,True
R5,full,raw_all,/home/lmy/iot-device-classification/dataset/socket/round5_positionB/socket_r5.pcapng,82,820.8581397533417,829.420902967453,Socket,Socket,True
R5,full,raw_all,/home/lmy/iot-device-classification/dataset/socket/round5_positionB/socket_r5.pcapng,83,834.7711048126221,839.9979999065399,Socket,Socket,True
R5,full,raw_all,/home/lmy/iot-device-classification/dataset/socket/round5_positionB/socket_r5.pcapng,84,844.6072204113007,849.1072909832001,Socket,Socket,True
R5,full,raw_all,/home/lmy/iot-device-classification/dataset/socket/round5_positionB/socket_r5.pcapng,85,851.0153911113739,859.9620959758759,Socket,Socket,True
R5,full,raw_all,/home/lmy/iot-device-classification/dataset/socket/round5_positionB/socket_r5.pcapng,86,865.2274880409241,869.785884141922,Socket,Socket,True
R5,full,raw_all,/home/lmy/iot-device-classification/dataset/socket/round5_positionB/socket_r5.pcapng,87,875.0468871593475,879.6815776824951,Socket,Socket,True
R5,full,raw_all,/home/lmy/iot-device-classification/dataset/socket/round5_positionB/socket_r5.pcapng,88,880.9608016014099,889.4674317836761,Socket,Socket,True
R5,full,raw_all,/home/lmy/iot-device-classification/dataset/socket/round5_positionB/socket_r5.pcapng,89,894.7178061008453,899.2366797924042,Socket,Socket,True
R5,full,raw_all,/home/lmy/iot-device-classification/dataset/socket/round5_positionB/socket_r5.pcapng,90,904.5185148715972,909.9991545677184,Socket,Socket,True
R5,full,raw_all,/home/lmy/iot-device-classification/dataset/socket/round5_positionB/socket_r5.pcapng,91,910.0004625320436,919.9403929710388,Socket,Socket,True
R5,full,raw_all,/home/lmy/iot-device-classification/dataset/socket/round5_positionB/socket_r5.pcapng,92,924.896978378296,929.7621524333954,Socket,Socket,True
R5,full,raw_all,/home/lmy/iot-device-classification/dataset/socket/round5_positionB/socket_r5.pcapng,93,935.0913240909576,939.5771536827089,Socket,Socket,True
R5,full,raw_all,/home/lmy/iot-device-classification/dataset/socket/round5_positionB/socket_r5.pcapng,94,941.0650238990784,948.6585204601288,Socket,Socket,True
R5,full,raw_all,/home/lmy/iot-device-classification/dataset/socket/round5_positionB/socket_r5.pcapng,95,950.3790647983552,958.7396037578584,Socket,Socket,True
R5,full,raw_all,/home/lmy/iot-device-classification/dataset/socket/round5_positionB/socket_r5.pcapng,96,960.2320821285248,968.7338089942932,Socket,Socket,True
R5,full,raw_all,/home/lmy/iot-device-classification/dataset/socket/round5_positionB/socket_r5.pcapng,97,970.0847444534302,979.9497096538544,Socket,Socket,True
R5,full,raw_all,/home/lmy/iot-device-classification/dataset/socket/round5_positionB/socket_r5.pcapng,98,980.1320836544036,989.92862534523,Socket,Socket,True
R5,full,raw_all,/home/lmy/iot-device-classification/dataset/socket/round5_positionB/socket_r5.pcapng,99,990.1255037784576,999.7437331676484,Socket,Socket,True
R5,full,raw_all,/home/lmy/iot-device-classification/dataset/socket/round5_positionB/socket_r5.pcapng,100,1001.1357989311218,1009.1122605800628,Socket,Socket,True
R5,full,raw_all,/home/lmy/iot-device-classification/dataset/socket/round5_positionB/socket_r5.pcapng,101,1010.6158845424652,1019.122171163559,Socket,Socket,True
R5,full,raw_all,/home/lmy/iot-device-classification/dataset/socket/round5_positionB/socket_r5.pcapng,102,1020.4157161712646,1029.090070962906,Socket,Socket,True
R5,full,raw_all,/home/lmy/iot-device-classification/dataset/socket/round5_positionB/socket_r5.pcapng,103,1030.239295244217,1039.1280171871183,Socket,Socket,True
R5,full,raw_all,/home/lmy/iot-device-classification/dataset/socket/round5_positionB/socket_r5.pcapng,104,1040.106517314911,1049.307419538498,Socket,Socket,True
R5,full,raw_all,/home/lmy/iot-device-classification/dataset/socket/round5_positionB/socket_r5.pcapng,105,1051.0167303085327,1059.3443956375122,Socket,Socket,True
R5,full,raw_all,/home/lmy/iot-device-classification/dataset/socket/round5_positionB/socket_r5.pcapng,106,1060.84889960289,1069.39395236969,Socket,Socket,True
R5,full,raw_all,/home/lmy/iot-device-classification/dataset/socket/round5_positionB/socket_r5.pcapng,107,1070.7120525836945,1079.472802877426,Socket,Socket,True
R5,full,raw_all,/home/lmy/iot-device-classification/dataset/socket/round5_positionB/socket_r5.pcapng,108,1080.550460577011,1089.5137312412262,Socket,Socket,True
R5,full,raw_all,/home/lmy/iot-device-classification/dataset/socket/round5_positionB/socket_r5.pcapng,109,1090.3779227733612,1099.551643371582,Socket,Socket,True
R5,full,raw_all,/home/lmy/iot-device-classification/dataset/socket/round5_positionB/socket_r5.pcapng,110,1100.9763419628143,1109.5957119464874,Socket,Socket,True
R5,full,raw_all,/home/lmy/iot-device-classification/dataset/socket/round5_positionB/socket_r5.pcapng,111,1111.120120048523,1119.846628189087,Socket,Socket,True
R5,full,raw_all,/home/lmy/iot-device-classification/dataset/socket/round5_positionB/socket_r5.pcapng,112,1120.94784617424,1129.90612077713,Socket,Socket,True
R5,full,raw_all,/home/lmy/iot-device-classification/dataset/socket/round5_positionB/socket_r5.pcapng,113,1130.780333995819,1139.822294473648,Socket,Socket,True
R5,full,raw_all,/home/lmy/iot-device-classification/dataset/socket/round5_positionB/socket_r5.pcapng,114,1140.0080485343933,1149.852165222168,Socket,Socket,True
R5,full,raw_all,/home/lmy/iot-device-classification/dataset/socket/round5_positionB/socket_r5.pcapng,115,1150.1331527233124,1158.9014592170715,Socket,Socket,True
R5,full,raw_all,/home/lmy/iot-device-classification/dataset/socket/round5_positionB/socket_r5.pcapng,116,1160.1270415782928,1169.9203472137451,Socket,Socket,True
R5,full,raw_all,/home/lmy/iot-device-classification/dataset/socket/round5_positionB/socket_r5.pcapng,117,1170.0579397678375,1179.98312997818,Socket,Socket,True
R5,full,raw_all,/home/lmy/iot-device-classification/dataset/socket/round5_positionB/socket_r5.pcapng,118,1180.1091120243073,1188.9614341259005,Socket,Socket,True
R5,full,raw_all,/home/lmy/iot-device-classification/dataset/socket/round5_positionB/socket_r5.pcapng,119,1190.4872448444366,1199.9856538772583,Socket,Socket,True
R5,full,raw_all,/home/lmy/iot-device-classification/dataset/socket/round5_positionB/socket_r5.pcapng,120,1200.172666311264,1209.7393217086792,Socket,Socket,True
R5,full,raw_all,/home/lmy/iot-device-classification/dataset/socket/round5_positionB/socket_r5.pcapng,121,1210.032329082489,1219.0040984153748,Socket,Socket,True
R5,full,raw_all,/home/lmy/iot-device-classification/dataset/socket/round5_positionB/socket_r5.pcapng,122,1220.1284477710724,1228.9688837528229,Socket,Socket,True
R5,full,raw_all,/home/lmy/iot-device-classification/dataset/socket/round5_positionB/socket_r5.pcapng,123,1230.120805978775,1239.0695996284485,Socket,Socket,True
R5,full,raw_all,/home/lmy/iot-device-classification/dataset/socket/round5_positionB/socket_r5.pcapng,124,1240.1889743804932,1249.0635132789612,Socket,Socket,True
R5,full,raw_all,/home/lmy/iot-device-classification/dataset/socket/round5_positionB/socket_r5.pcapng,125,1250.2879619598389,1259.0221321582794,Socket,Socket,True
R5,full,raw_all,/home/lmy/iot-device-classification/dataset/socket/round5_positionB/socket_r5.pcapng,126,1260.4812905788422,1269.0124237537384,Socket,Socket,True
R5,full,raw_all,/home/lmy/iot-device-classification/dataset/socket/round5_positionB/socket_r5.pcapng,127,1270.4431958198547,1279.2121667861938,Socket,Socket,True
R5,full,raw_all,/home/lmy/iot-device-classification/dataset/socket/round5_positionB/socket_r5.pcapng,128,1280.438071012497,1289.0718474388125,Socket,Socket,True
R5,full,raw_all,/home/lmy/iot-device-classification/dataset/socket/round5_positionB/socket_r5.pcapng,129,1291.7611038684845,1299.2177324295044,Socket,Socket,True
R5,full,raw_all,/home/lmy/iot-device-classification/dataset/socket/round5_positionB/socket_r5.pcapng,130,1300.5977356433868,1309.1306648254397,Socket,Socket,True
R5,full,raw_all,/home/lmy/iot-device-classification/dataset/socket/round5_positionB/socket_r5.pcapng,131,1310.692503452301,1319.1266033649445,Socket,Socket,True
R5,full,raw_all,/home/lmy/iot-device-classification/dataset/socket/round5_positionB/socket_r5.pcapng,132,1320.7587084770205,1329.951665639877,Socket,Socket,True
R5,full,raw_all,/home/lmy/iot-device-classification/dataset/socket/round5_positionB/socket_r5.pcapng,133,1330.0413491725922,1339.0791809558868,Socket,Socket,True
R5,full,raw_all,/home/lmy/iot-device-classification/dataset/socket/round5_positionB/socket_r5.pcapng,134,1340.9627177715302,1349.1790869235992,Socket,Socket,True
R5,full,raw_all,/home/lmy/iot-device-classification/dataset/socket/round5_positionB/socket_r5.pcapng,135,1351.1167385578156,1359.1694133281708,Socket,Socket,True
R5,full,raw_all,/home/lmy/iot-device-classification/dataset/socket/round5_positionB/socket_r5.pcapng,136,1361.114284992218,1369.1310312747955,Socket,Socket,True
R5,full,raw_all,/home/lmy/iot-device-classification/dataset/socket/round5_positionB/socket_r5.pcapng,137,1371.1048889160156,1379.1263988018036,Socket,Socket,True
R5,full,raw_all,/home/lmy/iot-device-classification/dataset/socket/round5_positionB/socket_r5.pcapng,138,1381.1693937778473,1389.195834159851,Socket,Socket,True
R5,full,raw_all,/home/lmy/iot-device-classification/dataset/socket/round5_positionB/socket_r5.pcapng,139,1391.3876404762268,1399.188153743744,Socket,Socket,True
R5,full,raw_all,/home/lmy/iot-device-classification/dataset/socket/round5_positionB/socket_r5.pcapng,140,1401.3361253738403,1409.1819112300873,Socket,Socket,True
R5,full,raw_all,/home/lmy/iot-device-classification/dataset/socket/round5_positionB/socket_r5.pcapng,141,1411.3223752975464,1419.2478652000427,Socket,Socket,True
R5,full,raw_all,/home/lmy/iot-device-classification/dataset/socket/round5_positionB/socket_r5.pcapng,142,1421.417874336243,1429.2067947387695,Socket,Socket,True
R5,full,raw_all,/home/lmy/iot-device-classification/dataset/socket/round5_positionB/socket_r5.pcapng,143,1430.15833902359,1439.1730635166168,Socket,Socket,True
R5,full,raw_all,/home/lmy/iot-device-classification/dataset/socket/round5_positionB/socket_r5.pcapng,144,1441.5811614990234,1449.1914417743685,Socket,Socket,True
R5,full,raw_all,/home/lmy/iot-device-classification/dataset/socket/round5_positionB/socket_r5.pcapng,145,1451.583191394806,1459.288551568985,Socket,Socket,True
R5,full,raw_all,/home/lmy/iot-device-classification/dataset/socket/round5_positionB/socket_r5.pcapng,146,1461.7404329776764,1469.2507047653198,Socket,Socket,True
R5,full,raw_all,/home/lmy/iot-device-classification/dataset/socket/round5_positionB/socket_r5.pcapng,147,1471.8380856513977,1479.5656316280365,Socket,Socket,True
R5,full,raw_all,/home/lmy/iot-device-classification/dataset/socket/round5_positionB/socket_r5.pcapng,148,1481.5944492816925,1489.4072251319883,Socket,Socket,True
R5,full,raw_all,/home/lmy/iot-device-classification/dataset/socket/round5_positionB/socket_r5.pcapng,149,1491.8949763774872,1499.245611190796,Socket,Socket,True
R5,full,raw_all,/home/lmy/iot-device-classification/dataset/socket/round5_positionB/socket_r5.pcapng,150,1501.99036359787,1509.3301961421969,Socket,Socket,True
R5,full,raw_all,/home/lmy/iot-device-classification/dataset/socket/round5_positionB/socket_r5.pcapng,151,1511.5648112297058,1519.289751291275,Socket,Socket,True
R5,full,raw_all,/home/lmy/iot-device-classification/dataset/socket/round5_positionB/socket_r5.pcapng,152,1522.1527519226074,1529.721160888672,Socket,Socket,True
R5,full,raw_all,/home/lmy/iot-device-classification/dataset/socket/round5_positionB/socket_r5.pcapng,153,1532.145306348801,1539.4839224815369,Socket,Socket,True
R5,full,raw_all,/home/lmy/iot-device-classification/dataset/socket/round5_positionB/socket_r5.pcapng,154,1540.5777971744535,1549.495374917984,Socket,Socket,True
R5,full,raw_all,/home/lmy/iot-device-classification/dataset/socket/round5_positionB/socket_r5.pcapng,155,1552.5124361515043,1559.406759262085,Socket,Socket,True
R5,full,raw_all,/home/lmy/iot-device-classification/dataset/socket/round5_positionB/socket_r5.pcapng,156,1560.1719715595243,1569.410490989685,Socket,Socket,True
R5,full,raw_all,/home/lmy/iot-device-classification/dataset/socket/round5_positionB/socket_r5.pcapng,157,1571.0620737075806,1579.9043772220612,Socket,Socket,True
R5,full,raw_all,/home/lmy/iot-device-classification/dataset/socket/round5_positionB/socket_r5.pcapng,158,1580.0077331066132,1589.8859496116638,Socket,Socket,True
R5,full,raw_all,/home/lmy/iot-device-classification/dataset/socket/round5_positionB/socket_r5.pcapng,159,1592.659006357193,1599.6687035560608,Socket,Socket,True
R5,full,raw_all,/home/lmy/iot-device-classification/dataset/socket/round5_positionB/socket_r5.pcapng,160,1601.701886177063,1609.535576581955,Socket,Socket,True
R5,full,raw_all,/home/lmy/iot-device-classification/dataset/socket/round5_positionB/socket_r5.pcapng,161,1612.8221561908722,1619.4101011753082,Socket,Socket,True
R5,full,raw_all,/home/lmy/iot-device-classification/dataset/socket/round5_positionB/socket_r5.pcapng,162,1620.3065922260284,1629.6079449653623,Socket,Socket,True
R5,full,raw_all,/home/lmy/iot-device-classification/dataset/socket/round5_positionB/socket_r5.pcapng,163,1630.1560146808624,1639.948467254639,Socket,Socket,True
R5,full,raw_all,/home/lmy/iot-device-classification/dataset/socket/round5_positionB/socket_r5.pcapng,164,1640.0101037025452,1649.915071964264,Socket,Socket,True
R5,full,raw_all,/home/lmy/iot-device-classification/dataset/socket/round5_positionB/socket_r5.pcapng,165,1653.1420657634735,1659.454276561737,Socket,Socket,True
R5,full,raw_all,/home/lmy/iot-device-classification/dataset/socket/round5_positionB/socket_r5.pcapng,166,1660.6804876327517,1669.5225472450256,Socket,Socket,True
R5,full,raw_all,/home/lmy/iot-device-classification/dataset/socket/round5_positionB/socket_r5.pcapng,167,1670.5097205638883,1679.523387670517,Socket,Socket,True
R5,full,raw_all,/home/lmy/iot-device-classification/dataset/socket/round5_positionB/socket_r5.pcapng,168,1680.291582584381,1689.474765777588,Socket,Socket,True
R5,full,raw_all,/home/lmy/iot-device-classification/dataset/socket/round5_positionB/socket_r5.pcapng,169,1690.1260452270508,1699.4702169895172,Socket,Socket,True
R5,full,raw_all,/home/lmy/iot-device-classification/dataset/socket/round5_positionB/socket_r5.pcapng,170,1700.9860236644745,1709.5648531913755,Socket,Socket,True
R5,full,raw_all,/home/lmy/iot-device-classification/dataset/socket/round5_positionB/socket_r5.pcapng,171,1710.812006235123,1719.5218286514282,Socket,Socket,True
R5,full,raw_all,/home/lmy/iot-device-classification/dataset/socket/round5_positionB/socket_r5.pcapng,172,1720.6503195762634,1729.5119643211365,Socket,Socket,True
R5,full,raw_all,/home/lmy/iot-device-classification/dataset/socket/round5_positionB/socket_r5.pcapng,173,1730.4957473278046,1739.57648396492,Socket,Socket,True
R5,full,raw_all,/home/lmy/iot-device-classification/dataset/socket/round5_positionB/socket_r5.pcapng,174,1740.328345298767,1749.5632495880127,Socket,Socket,True
R5,full,raw_all,/home/lmy/iot-device-classification/dataset/socket/round5_positionB/socket_r5.pcapng,175,1750.1717660427094,1759.552897453308,Socket,Socket,True
R5,full,raw_all,/home/lmy/iot-device-classification/dataset/socket/round5_positionB/socket_r5.pcapng,176,1761.1269719600675,1769.520696401596,Socket,Socket,True
R5,full,raw_all,/home/lmy/iot-device-classification/dataset/socket/round5_positionB/socket_r5.pcapng,177,1771.0757296085358,1779.6051940917969,Socket,Socket,True
R5,full,raw_all,/home/lmy/iot-device-classification/dataset/socket/round5_positionB/socket_r5.pcapng,178,1780.8525352478027,1789.5941853523254,Socket,Socket,True
R5,full,raw_all,/home/lmy/iot-device-classification/dataset/socket/round5_positionB/socket_r5.pcapng,179,1790.6501541137695,1799.5532493591309,Socket,Socket,True
R5,full,raw_all,/home/lmy/iot-device-classification/dataset/socket/round5_positionB/socket_r5.pcapng,180,1801.62454366684,1809.95623254776,Socket,Socket,True
R5,full,raw_all,/home/lmy/iot-device-classification/dataset/socket/round5_positionB/socket_r5.pcapng,181,1811.364886522293,1819.607825756073,Socket,Socket,True
R5,full,raw_all,/home/lmy/iot-device-classification/dataset/socket/round5_positionB/socket_r5.pcapng,182,1821.195322751999,1829.5999314785004,Socket,Socket,True
R5,full,raw_all,/home/lmy/iot-device-classification/dataset/socket/round5_positionB/socket_r5.pcapng,183,1831.031091928482,1839.610583782196,Socket,Socket,True
R5,full,raw_all,/home/lmy/iot-device-classification/dataset/socket/round5_positionB/socket_r5.pcapng,184,1840.898775815964,1849.6588315963745,Socket,Socket,True
R5,full,raw_all,/home/lmy/iot-device-classification/dataset/socket/round5_positionB/socket_r5.pcapng,185,1851.8164665699005,1859.5371313095093,Socket,Socket,True
R5,full,raw_all,/home/lmy/iot-device-classification/dataset/socket/round5_positionB/socket_r5.pcapng,186,1861.6240544319155,1869.631807804108,Socket,Socket,True
R5,full,raw_all,/home/lmy/iot-device-classification/dataset/socket/round5_positionB/socket_r5.pcapng,187,1871.445642709732,1879.5932738780973,Socket,Socket,True
R5,full,raw_all,/home/lmy/iot-device-classification/dataset/socket/round5_positionB/socket_r5.pcapng,188,1880.9218637943268,1889.688002109528,Socket,Socket,True
R5,full,raw_all,/home/lmy/iot-device-classification/dataset/socket/round5_positionB/socket_r5.pcapng,189,1892.165486574173,1899.7552735805511,Socket,Socket,True
R5,full,raw_all,/home/lmy/iot-device-classification/dataset/socket/round5_positionB/socket_r5.pcapng,190,1901.9265468120573,1909.6380212306976,Socket,Socket,True
R5,full,raw_all,/home/lmy/iot-device-classification/dataset/socket/round5_positionB/socket_r5.pcapng,191,1911.8281247615812,1919.63235616684,Socket,Socket,True
R5,full,raw_all,/home/lmy/iot-device-classification/dataset/socket/round5_positionB/socket_r5.pcapng,192,1921.6870338916776,1929.753488779068,Socket,Socket,True
R5,full,raw_all,/home/lmy/iot-device-classification/dataset/socket/round5_positionB/socket_r5.pcapng,193,1931.1520924568176,1939.6908452510836,Socket,Socket,True
R5,full,raw_all,/home/lmy/iot-device-classification/dataset/socket/round5_positionB/socket_r5.pcapng,194,1942.4641089439392,1949.6751017570496,Socket,Socket,True
R5,full,raw_all,/home/lmy/iot-device-classification/dataset/socket/round5_positionB/socket_r5.pcapng,195,1952.271187782288,1959.7434623241425,Socket,Socket,True
R5,full,raw_all,/home/lmy/iot-device-classification/dataset/socket/round5_positionB/socket_r5.pcapng,196,1961.9220712184904,1969.7332684993744,Socket,Socket,True
R5,full,raw_all,/home/lmy/iot-device-classification/dataset/socket/round5_positionB/socket_r5.pcapng,197,1971.860605239868,1979.8234417438507,Socket,Socket,True
R5,full,raw_all,/home/lmy/iot-device-classification/dataset/socket/round5_positionB/socket_r5.pcapng,198,1982.5857148170471,1989.7942962646484,Socket,Socket,True
R5,full,raw_all,/home/lmy/iot-device-classification/dataset/socket/round5_positionB/socket_r5.pcapng,199,1992.065920829773,1999.777373790741,Socket,Socket,True
R5,full,raw_all,/home/lmy/iot-device-classification/dataset/socket/round5_positionB/socket_r5.pcapng,200,2002.3573307991028,2009.7387313842771,Socket,Socket,True
R5,full,raw_all,/home/lmy/iot-device-classification/dataset/socket/round5_positionB/socket_r5.pcapng,201,2012.217838048935,2019.7335348129272,Socket,Socket,True
R5,full,raw_all,/home/lmy/iot-device-classification/dataset/socket/round5_positionB/socket_r5.pcapng,202,2021.9819128513336,2029.8286414146423,Socket,Socket,True
R5,full,raw_all,/home/lmy/iot-device-classification/dataset/socket/round5_positionB/socket_r5.pcapng,203,2032.991317033768,2039.848841190338,Socket,Socket,True
R5,full,raw_all,/home/lmy/iot-device-classification/dataset/socket/round5_positionB/socket_r5.pcapng,204,2041.7575905323029,2049.7776646614075,Socket,Socket,True
R5,full,raw_all,/home/lmy/iot-device-classification/dataset/socket/round5_positionB/socket_r5.pcapng,205,2052.02618932724,2059.768602371216,Socket,Socket,True
R5,full,raw_all,/home/lmy/iot-device-classification/dataset/socket/round5_positionB/socket_r5.pcapng,206,2062.5151991844177,2069.8333308696747,Socket,Socket,True
R5,full,raw_all,/home/lmy/iot-device-classification/dataset/socket/round5_positionB/socket_r5.pcapng,207,2073.4814159870148,2079.8266217708588,Socket,Socket,True
R5,full,raw_all,/home/lmy/iot-device-classification/dataset/socket/round5_positionB/socket_r5.pcapng,208,2082.0764439105988,2089.788329601288,Socket,Socket,True
R5,full,raw_all,/home/lmy/iot-device-classification/dataset/socket/round5_positionB/socket_r5.pcapng,209,2090.939881086349,2099.881477355957,Socket,Socket,True
R5,full,raw_all,/home/lmy/iot-device-classification/dataset/socket/round5_positionB/socket_r5.pcapng,210,2102.9866473674774,2109.875015735626,Socket,Socket,True
R5,full,raw_all,/home/lmy/iot-device-classification/dataset/socket/round5_positionB/socket_r5.pcapng,211,2112.0204169750214,2119.8354744911194,Socket,Socket,True
R5,full,raw_all,/home/lmy/iot-device-classification/dataset/socket/round5_positionB/socket_r5.pcapng,212,2123.790181159973,2129.8271992206573,Socket,Socket,True
R5,full,raw_all,/home/lmy/iot-device-classification/dataset/socket/round5_positionB/socket_r5.pcapng,213,2133.638643741608,2139.923811674118,Socket,Socket,True
R5,full,raw_all,/home/lmy/iot-device-classification/dataset/socket/round5_positionB/socket_r5.pcapng,214,2141.251748085022,2149.888963699341,Socket,Socket,True
R5,full,raw_all,/home/lmy/iot-device-classification/dataset/socket/round5_positionB/socket_r5.pcapng,215,2153.222165107727,2159.8792116642,Socket,Socket,True
R5,full,raw_all,/home/lmy/iot-device-classification/dataset/socket/round5_positionB/socket_r5.pcapng,216,2163.0806617736816,2169.944720029831,Socket,Socket,True
R5,full,raw_all,/home/lmy/iot-device-classification/dataset/socket/round5_positionB/socket_r5.pcapng,217,2172.117177248001,2179.938713788986,Socket,Socket,True
R5,full,raw_all,/home/lmy/iot-device-classification/dataset/socket/round5_positionB/socket_r5.pcapng,218,2183.3701815605164,2189.9289581775665,Socket,Socket,True
R5,full,raw_all,/home/lmy/iot-device-classification/dataset/socket/round5_positionB/socket_r5.pcapng,219,2193.402641773224,2199.8885204792023,Socket,Socket,True
R5,full,raw_all,/home/lmy/iot-device-classification/dataset/socket/round5_positionB/socket_r5.pcapng,220,2202.169741630554,2209.994520187378,Socket,Socket,True
R5,full,raw_all,/home/lmy/iot-device-classification/dataset/socket/round5_positionB/socket_r5.pcapng,221,2214.415965795517,2219.978137254715,Socket,Socket,True
R5,full,raw_all,/home/lmy/iot-device-classification/dataset/socket/round5_positionB/socket_r5.pcapng,222,2224.3167810440063,2229.9384801387787,Socket,Socket,True
R5,full,raw_all,/home/lmy/iot-device-classification/dataset/socket/round5_positionB/socket_r5.pcapng,223,2230.6346328258514,2239.9292480945587,Socket,Socket,True
R5,full,raw_all,/home/lmy/iot-device-classification/dataset/socket/round5_positionB/socket_r5.pcapng,224,2243.611268520355,2249.8899862766266,Socket,Socket,True
R5,full,raw_all,/home/lmy/iot-device-classification/dataset/socket/round5_positionB/socket_r5.pcapng,225,2250.0063560009003,2259.8953132629395,Socket,Socket,True
R5,full,raw_all,/home/lmy/iot-device-classification/dataset/socket/round5_positionB/socket_r5.pcapng,226,2260.097340106964,2269.976136445999,Socket,Socket,True
R5,full,raw_all,/home/lmy/iot-device-classification/dataset/socket/round5_positionB/socket_r5.pcapng,227,2270.0991644859314,2279.938110589981,Socket,Socket,True
R5,full,raw_all,/home/lmy/iot-device-classification/dataset/socket/round5_positionB/socket_r5.pcapng,228,2280.0986201763158,2289.9306008815765,Socket,Socket,True
R5,full,raw_all,/home/lmy/iot-device-classification/dataset/socket/round5_positionB/socket_r5.pcapng,229,2290.0970933437347,2299.9219901561737,Socket,Socket,True
R5,full,raw_all,/home/lmy/iot-device-classification/dataset/socket/round5_positionB/socket_r5.pcapng,230,2300.0966579914093,2309.987817764282,Socket,Socket,True
R5,full,raw_all,/home/lmy/iot-device-classification/dataset/socket/round5_positionB/socket_r5.pcapng,231,2310.0966489315038,2319.982819318772,Socket,Socket,True
R5,full,raw_all,/home/lmy/iot-device-classification/dataset/socket/round5_positionB/socket_r5.pcapng,232,2320.096965789795,2329.238056898117,Socket,Socket,True
R5,full,raw_all,/home/lmy/iot-device-classification/dataset/socket/round5_positionB/socket_r5.pcapng,233,2330.0867204666138,2339.935900449753,Socket,Socket,True
R5,full,raw_all,/home/lmy/iot-device-classification/dataset/socket/round5_positionB/socket_r5.pcapng,234,2340.098586559296,2349.925841808319,Socket,Socket,True
R5,full,raw_all,/home/lmy/iot-device-classification/dataset/socket/round5_positionB/socket_r5.pcapng,235,2350.096310377121,2359.9368743896484,Socket,Socket,True
R5,full,raw_all,/home/lmy/iot-device-classification/dataset/socket/round5_positionB/socket_r5.pcapng,236,2360.097358226776,2369.9932386875157,Socket,Socket,True
R5,full,raw_all,/home/lmy/iot-device-classification/dataset/socket/round5_positionB/socket_r5.pcapng,237,2370.0963802337646,2379.9791407585144,Socket,Socket,True
R5,full,raw_all,/home/lmy/iot-device-classification/dataset/socket/round5_positionB/socket_r5.pcapng,238,2380.0964319705963,2389.393618583679,Socket,Socket,True
R5,full,raw_all,/home/lmy/iot-device-classification/dataset/socket/round5_positionB/socket_r5.pcapng,239,2390.0398137569427,2398.6275157928467,Socket,Socket,True
R5,full,raw_all,/home/lmy/iot-device-classification/dataset/socket/round5_positionB/socket_r5.pcapng,240,2400.031960248947,2409.985251188278,Socket,Socket,True
R5,full,raw_all,/home/lmy/iot-device-classification/dataset/socket/round5_positionB/socket_r5.pcapng,241,2410.035803794861,2419.930034160614,Socket,Socket,True
R5,full,raw_all,/home/lmy/iot-device-classification/dataset/socket/round5_positionB/socket_r5.pcapng,242,2420.0926308631897,2429.741252183914,Socket,Socket,True
R5,full,raw_all,/home/lmy/iot-device-classification/dataset/socket/round5_positionB/socket_r5.pcapng,243,2430.0821771621704,2438.815884113312,Socket,Socket,True
R5,full,raw_all,/home/lmy/iot-device-classification/dataset/socket/round5_positionB/socket_r5.pcapng,244,2440.0448665618896,2449.222953557968,Socket,Socket,True
R5,full,raw_all,/home/lmy/iot-device-classification/dataset/socket/round5_positionB/socket_r5.pcapng,245,2450.0369398593903,2458.908971309662,Socket,Socket,True
R5,full,raw_all,/home/lmy/iot-device-classification/dataset/socket/round5_positionB/socket_r5.pcapng,246,2460.132290840149,2468.9421820640564,Socket,Socket,True
R5,full,raw_all,/home/lmy/iot-device-classification/dataset/socket/round5_positionB/socket_r5.pcapng,247,2470.045746088028,2479.916724920273,Socket,Socket,True
R5,full,raw_all,/home/lmy/iot-device-classification/dataset/socket/round5_positionB/socket_r5.pcapng,248,2480.054032564163,2489.9059009552,Socket,Socket,True
R5,full,raw_all,/home/lmy/iot-device-classification/dataset/socket/round5_positionB/socket_r5.pcapng,249,2490.0641973018646,2499.0854921340942,Socket,Socket,True
R5,full,raw_all,/home/lmy/iot-device-classification/dataset/socket/round5_positionB/socket_r5.pcapng,250,2500.144646167755,2509.329559326172,Socket,Socket,True
R5,full,raw_all,/home/lmy/iot-device-classification/dataset/socket/round5_positionB/socket_r5.pcapng,251,2510.1394486427307,2519.43878531456,Socket,Socket,True
R5,full,raw_all,/home/lmy/iot-device-classification/dataset/socket/round5_positionB/socket_r5.pcapng,252,2520.0993309021,2529.270434856415,Socket,Socket,True
R5,full,raw_all,/home/lmy/iot-device-classification/dataset/socket/round5_positionB/socket_r5.pcapng,253,2530.176667690277,2539.599246025085,Socket,Socket,True
R5,full,raw_all,/home/lmy/iot-device-classification/dataset/socket/round5_positionB/socket_r5.pcapng,254,2540.187675237656,2549.6606817245483,Socket,Socket,True
R5,full,raw_all,/home/lmy/iot-device-classification/dataset/socket/round5_positionB/socket_r5.pcapng,255,2550.15056180954,2559.900037765503,Socket,Socket,True
R5,full,raw_all,/home/lmy/iot-device-classification/dataset/socket/round5_positionB/socket_r5.pcapng,256,2560.1471621990204,2569.8114972114563,Socket,Socket,True
R5,full,raw_all,/home/lmy/iot-device-classification/dataset/socket/round5_positionB/socket_r5.pcapng,257,2570.236562013626,2579.792540550232,Socket,Socket,True
R5,full,raw_all,/home/lmy/iot-device-classification/dataset/socket/round5_positionB/socket_r5.pcapng,258,2580.2006735801697,2589.8233473300934,Socket,Socket,True
R5,full,raw_all,/home/lmy/iot-device-classification/dataset/socket/round5_positionB/socket_r5.pcapng,259,2590.191932439804,2599.811020374298,Socket,Socket,True
R5,full,raw_all,/home/lmy/iot-device-classification/dataset/socket/round5_positionB/socket_r5.pcapng,260,2600.261508464813,2609.8997735977173,Socket,Socket,True
R5,full,raw_all,/home/lmy/iot-device-classification/dataset/socket/round5_positionB/socket_r5.pcapng,261,2610.003085374832,2619.9932568073277,Socket,Socket,True
R5,full,raw_all,/home/lmy/iot-device-classification/dataset/socket/round5_positionB/socket_r5.pcapng,262,2620.0756225585938,2629.9277329444885,Socket,Socket,True
R5,full,raw_all,/home/lmy/iot-device-classification/dataset/socket/round5_positionB/socket_r5.pcapng,263,2630.0982024669647,2639.989792108536,Socket,Socket,True
R5,full,raw_all,/home/lmy/iot-device-classification/dataset/socket/round5_positionB/socket_r5.pcapng,264,2640.072263717652,2649.986370563507,Socket,Socket,True
R5,full,raw_all,/home/lmy/iot-device-classification/dataset/socket/round5_positionB/socket_r5.pcapng,265,2650.098781347275,2659.952915430069,Socket,Socket,True
R5,full,raw_all,/home/lmy/iot-device-classification/dataset/socket/round5_positionB/socket_r5.pcapng,266,2660.043792963028,2666.9102432727814,Socket,Socket,True
R5,full,raw_all,/home/lmy/iot-device-classification/dataset/socket/round5_positionB/socket_r5.pcapng,267,2670.045782804489,2678.3979461193085,Socket,Socket,True
R5,full,raw_all,/home/lmy/iot-device-classification/dataset/socket/round5_positionB/socket_r5.pcapng,268,2680.109130859375,2687.852997541428,Socket,Socket,True
R5,full,raw_all,/home/lmy/iot-device-classification/dataset/socket/round5_positionB/socket_r5.pcapng,269,2690.1013371944427,2697.5880827903748,Socket,Socket,True
R5,full,raw_all,/home/lmy/iot-device-classification/dataset/socket/round5_positionB/socket_r5.pcapng,270,2700.1954917907715,2708.4299795627594,Socket,Socket,True
R5,full,raw_all,/home/lmy/iot-device-classification/dataset/socket/round5_positionB/socket_r5.pcapng,271,2710.266283750534,2717.3514988422394,Socket,Socket,True
R5,full,raw_all,/home/lmy/iot-device-classification/dataset/socket/round5_positionB/socket_r5.pcapng,272,2720.355774879456,2729.9595329761505,Socket,Socket,True
R5,full,raw_all,/home/lmy/iot-device-classification/dataset/socket/round5_positionB/socket_r5.pcapng,273,2730.0336241722107,2737.982924938202,Socket,Socket,True
R5,full,raw_all,/home/lmy/iot-device-classification/dataset/socket/round5_positionB/socket_r5.pcapng,274,2740.415932416916,2747.832604408264,Socket,Socket,True
R5,full,raw_all,/home/lmy/iot-device-classification/dataset/socket/round5_positionB/socket_r5.pcapng,275,2750.407838582993,2757.7120110988617,Socket,Socket,True
R5,full,raw_all,/home/lmy/iot-device-classification/dataset/socket/round5_positionB/socket_r5.pcapng,276,2760.3989930152893,2767.5188829898834,Socket,Socket,True
R5,full,raw_all,/home/lmy/iot-device-classification/dataset/socket/round5_positionB/socket_r5.pcapng,277,2770.362139225006,2778.452964782715,Socket,Socket,True
R5,full,raw_all,/home/lmy/iot-device-classification/dataset/socket/round5_positionB/socket_r5.pcapng,278,2780.4582681655884,2788.2625925540924,Socket,Socket,True
R5,full,raw_all,/home/lmy/iot-device-classification/dataset/socket/round5_positionB/socket_r5.pcapng,279,2790.4186460971832,2798.1047191619878,Socket,Socket,True
R5,full,raw_all,/home/lmy/iot-device-classification/dataset/socket/round5_positionB/socket_r5.pcapng,280,2800.411670446396,2807.9419977664948,Socket,Socket,True
R5,full,raw_all,/home/lmy/iot-device-classification/dataset/socket/round5_positionB/socket_r5.pcapng,281,2810.404588699341,2817.8134903907776,Socket,Socket,True
R5,full,raw_all,/home/lmy/iot-device-classification/dataset/socket/round5_positionB/socket_r5.pcapng,282,2820.468243598938,2828.7829043865204,Socket,Socket,True
R5,full,raw_all,/home/lmy/iot-device-classification/dataset/socket/round5_positionB/socket_r5.pcapng,283,2830.467741012573,2838.636138677597,Socket,Socket,True
R5,full,raw_all,/home/lmy/iot-device-classification/dataset/socket/round5_positionB/socket_r5.pcapng,284,2840.5551252365112,2848.4761028289795,Socket,Socket,True
R5,full,raw_all,/home/lmy/iot-device-classification/dataset/socket/round5_positionB/socket_r5.pcapng,285,2850.519404411316,2858.369431257248,Socket,Socket,True
R5,full,raw_all,/home/lmy/iot-device-classification/dataset/socket/round5_positionB/socket_r5.pcapng,286,2860.5289611816406,2868.1526548862457,Socket,Socket,True
R5,full,raw_all,/home/lmy/iot-device-classification/dataset/socket/round5_positionB/socket_r5.pcapng,287,2870.479506969452,2879.1584119796757,Socket,Socket,True
R5,full,raw_all,/home/lmy/iot-device-classification/dataset/socket/round5_positionB/socket_r5.pcapng,288,2880.466166973114,2888.942923784256,Socket,Socket,True
R5,full,raw_all,/home/lmy/iot-device-classification/dataset/socket/round5_positionB/socket_r5.pcapng,289,2890.561814785004,2898.792412757873,Socket,Socket,True
R5,full,raw_all,/home/lmy/iot-device-classification/dataset/socket/round5_positionB/socket_r5.pcapng,290,2900.5259404182434,2908.617944955826,Socket,Socket,True
R5,full,raw_all,/home/lmy/iot-device-classification/dataset/socket/round5_positionB/socket_r5.pcapng,291,2910.5153617858887,2919.532404184341,Socket,Socket,True
R5,full,raw_all,/home/lmy/iot-device-classification/dataset/socket/round5_positionB/socket_r5.pcapng,292,2920.511516571045,2929.3797194957733,Socket,Socket,True
R5,full,raw_all,/home/lmy/iot-device-classification/dataset/socket/round5_positionB/socket_r5.pcapng,293,2930.57355093956,2938.199047803879,Socket,Socket,True
R5,full,raw_all,/home/lmy/iot-device-classification/dataset/socket/round5_positionB/socket_r5.pcapng,294,2940.2025985717773,2949.6152119636536,Socket,Socket,True
R5,full,raw_all,/home/lmy/iot-device-classification/dataset/socket/round5_positionB/socket_r5.pcapng,295,2950.530400753021,2959.9181640148163,Socket,Socket,True
R5,full,raw_all,/home/lmy/iot-device-classification/dataset/socket/round5_positionB/socket_r5.pcapng,296,2960.098580121994,2969.8434765338898,Socket,Socket,True
R5,full,raw_all,/home/lmy/iot-device-classification/dataset/socket/round5_positionB/socket_r5.pcapng,297,2970.616759777069,2979.8239393234253,Socket,Socket,True
R5,full,raw_all,/home/lmy/iot-device-classification/dataset/socket/round5_positionB/socket_r5.pcapng,298,2980.272963285446,2989.603762149811,Socket,Socket,True
R5,full,raw_all,/home/lmy/iot-device-classification/dataset/socket/round5_positionB/socket_r5.pcapng,299,2990.5722377300262,2999.471999168396,Socket,Socket,True
R5,full,raw_all,/home/lmy/iot-device-classification/dataset/socket/round5_positionB/socket_r5.pcapng,300,3000.673763751984,3009.405216217041,Socket,Socket,True
R5,full,raw_all,/home/lmy/iot-device-classification/dataset/socket/round5_positionB/socket_r5.pcapng,301,3010.322519302368,3014.7235832214355,Socket,Socket,True
R5,full,raw_all,/home/lmy/iot-device-classification/dataset/socket/round5_positionB/socket_r5.pcapng,302,3020.003433704376,3029.952262401581,Socket,Socket,True
R5,full,raw_all,/home/lmy/iot-device-classification/dataset/socket/round5_positionB/socket_r5.pcapng,303,3030.0984201431274,3039.860051393509,Socket,Socket,True
R5,full,raw_all,/home/lmy/iot-device-classification/dataset/socket/round5_positionB/socket_r5.pcapng,304,3040.6791241168976,3049.6909925937653,Socket,Socket,True
R5,full,raw_all,/home/lmy/iot-device-classification/dataset/socket/round5_positionB/socket_r5.pcapng,305,3050.6718225479126,3059.4872682094574,Socket,Socket,True
R5,full,raw_all,/home/lmy/iot-device-classification/dataset/socket/round5_positionB/socket_r5.pcapng,306,3060.738027572632,3069.91201877594,Socket,Socket,True
R5,full,raw_all,/home/lmy/iot-device-classification/dataset/socket/round5_positionB/socket_r5.pcapng,307,3070.1010410785675,3074.811947107315,Socket,Socket,True
R5,full,raw_all,/home/lmy/iot-device-classification/dataset/socket/round5_positionB/socket_r5.pcapng,308,3080.074722766876,3089.9163856506348,Socket,Socket,True
R5,full,raw_all,/home/lmy/iot-device-classification/dataset/socket/round5_positionB/socket_r5.pcapng,309,3090.089128255844,3099.90230679512,Socket,Socket,True
R5,full,raw_all,/home/lmy/iot-device-classification/dataset/socket/round5_positionB/socket_r5.pcapng,310,3100.7800104618077,3105.3465564250946,Socket,Socket,True
R5,full,raw_all,/home/lmy/iot-device-classification/dataset/socket/round5_positionB/socket_r5.pcapng,311,3110.6147265434265,3118.4857416152954,Socket,Socket,True
R5,full,raw_all,/home/lmy/iot-device-classification/dataset/socket/round5_positionB/socket_r5.pcapng,312,3120.43678689003,3125.0918605327606,Socket,Socket,True
R5,full,raw_all,/home/lmy/iot-device-classification/dataset/socket/round5_positionB/socket_r5.pcapng,313,3130.3837513923645,3134.944079399109,Socket,Socket,True
R5,full,raw_all,/home/lmy/iot-device-classification/dataset/socket/round5_positionB/socket_r5.pcapng,314,3140.1936745643616,3144.735091209412,Socket,Socket,True
R5,full,raw_all,/home/lmy/iot-device-classification/dataset/socket/round5_positionB/socket_r5.pcapng,315,3150.043677568436,3155.655959129333,Socket,Socket,True
R5,full,raw_all,/home/lmy/iot-device-classification/dataset/socket/round5_positionB/socket_r5.pcapng,316,3160.6746368408203,3165.529282808304,Socket,Socket,True
R5,full,raw_all,/home/lmy/iot-device-classification/dataset/socket/round5_positionB/socket_r5.pcapng,317,3170.82656955719,3175.380833387375,Socket,Socket,True
R5,full,raw_all,/home/lmy/iot-device-classification/dataset/socket/round5_positionB/socket_r5.pcapng,318,3180.664473772049,3185.1676585674286,Socket,Socket,True
R5,full,raw_all,/home/lmy/iot-device-classification/dataset/socket/round5_positionB/socket_r5.pcapng,319,3190.487309217453,3194.9695451259613,Socket,Socket,True
R5,full,raw_all,/home/lmy/iot-device-classification/dataset/socket/round5_positionB/socket_r5.pcapng,320,3200.3070220947266,3205.900319337845,Socket,Socket,True
R5,full,raw_all,/home/lmy/iot-device-classification/dataset/socket/round5_positionB/socket_r5.pcapng,321,3210.885858297348,3215.734368085861,Socket,Socket,True
R5,full,raw_all,/home/lmy/iot-device-classification/dataset/socket/round5_positionB/socket_r5.pcapng,322,3220.8474073410034,3226.099285364151,Socket,Socket,True
R5,full,raw_all,/home/lmy/iot-device-classification/dataset/socket/round5_positionB/socket_r5.pcapng,323,3230.839365243912,3235.4027695655823,Socket,Socket,True
R5,full,raw_all,/home/lmy/iot-device-classification/dataset/socket/round5_positionB/socket_r5.pcapng,324,3240.700397968292,3249.572634458542,Socket,Socket,True
R5,full,raw_all,/home/lmy/iot-device-classification/dataset/socket/round5_positionB/socket_r5.pcapng,325,3250.898103237152,3258.742121219635,Socket,Socket,True
R5,full,raw_all,/home/lmy/iot-device-classification/dataset/socket/round5_positionB/socket_r5.pcapng,326,3260.480291366577,3266.100510597229,Socket,Socket,True
R5,full,raw_all,/home/lmy/iot-device-classification/dataset/socket/round5_positionB/socket_r5.pcapng,327,3270.882617235184,3275.979704141617,Socket,Socket,True
R5,full,raw_all,/home/lmy/iot-device-classification/dataset/socket/round5_positionB/socket_r5.pcapng,328,3280.9477801322937,3285.727452039718,Socket,Socket,True
R5,full,raw_all,/home/lmy/iot-device-classification/dataset/socket/round5_positionB/socket_r5.pcapng,329,3290.9402956962585,3299.5816073417664,Socket,Socket,True
R5,full,raw_all,/home/lmy/iot-device-classification/dataset/socket/round5_positionB/socket_r5.pcapng,330,3300.914932012558,3306.500895023346,Socket,Socket,True
R5,full,raw_all,/home/lmy/iot-device-classification/dataset/socket/round5_positionB/socket_r5.pcapng,331,3310.9973788261414,3316.297653913498,Socket,Socket,True
R5,full,raw_all,/home/lmy/iot-device-classification/dataset/socket/round5_positionB/socket_r5.pcapng,332,3321.010437965393,3326.1125407218933,Socket,Socket,True
R5,full,raw_all,/home/lmy/iot-device-classification/dataset/socket/round5_positionB/socket_r5.pcapng,333,3330.953411579132,3335.9504227638245,Socket,Socket,True
R5,full,raw_all,/home/lmy/iot-device-classification/dataset/socket/round5_positionB/socket_r5.pcapng,334,3340.9599027633667,3346.8671085834503,Socket,Socket,True
R5,full,raw_all,/home/lmy/iot-device-classification/dataset/socket/round5_positionB/socket_r5.pcapng,335,3350.937344789505,3357.4270656108856,Socket,Socket,True
R5,full,raw_all,/home/lmy/iot-device-classification/dataset/socket/round5_positionB/socket_r5.pcapng,336,3361.0068385601044,3366.4388325214386,Socket,Socket,True
R5,full,raw_all,/home/lmy/iot-device-classification/dataset/socket/round5_positionB/socket_r5.pcapng,337,3370.9953792095184,3376.2608392238617,Socket,Socket,True
R5,full,raw_all,/home/lmy/iot-device-classification/dataset/socket/round5_positionB/socket_r5.pcapng,338,3381.0612049102783,3387.2209300994878,Socket,Socket,True
R5,full,raw_all,/home/lmy/iot-device-classification/dataset/socket/round5_positionB/socket_r5.pcapng,339,3391.05229640007,3397.0506353378296,Socket,Socket,True
R5,full,raw_all,/home/lmy/iot-device-classification/dataset/socket/round5_positionB/socket_r5.pcapng,340,3401.046049594879,3406.8988745212555,Socket,Socket,True
R5,full,raw_all,/home/lmy/iot-device-classification/dataset/socket/round5_positionB/socket_r5.pcapng,341,3411.0086953639984,3416.7652645111084,Socket,Socket,True
R5,full,raw_all,/home/lmy/iot-device-classification/dataset/socket/round5_positionB/socket_r5.pcapng,342,3421.0014476776123,3428.4175152778625,Socket,Socket,True
R5,full,raw_all,/home/lmy/iot-device-classification/dataset/socket/round5_positionB/socket_r5.pcapng,343,3431.0950520038605,3436.585020780564,Socket,Socket,True
R5,full,raw_all,/home/lmy/iot-device-classification/dataset/socket/round5_positionB/socket_r5.pcapng,344,3441.0584728717804,3447.426471233368,Socket,Socket,True
R5,full,raw_all,/home/lmy/iot-device-classification/dataset/socket/round5_positionB/socket_r5.pcapng,345,3451.051425218582,3457.2799577713013,Socket,Socket,True
R5,full,raw_all,/home/lmy/iot-device-classification/dataset/socket/round5_positionB/socket_r5.pcapng,346,3461.250499486923,3466.9997441768646,Socket,Socket,True
R5,full,raw_all,/home/lmy/iot-device-classification/dataset/socket/round5_positionB/socket_r5.pcapng,347,3471.108587741852,3477.948123216629,Socket,Socket,True
R5,full,raw_all,/home/lmy/iot-device-classification/dataset/socket/round5_positionB/socket_r5.pcapng,348,3481.1024742126465,3487.748890399933,Socket,Socket,True
R5,full,raw_all,/home/lmy/iot-device-classification/dataset/socket/round5_positionB/socket_r5.pcapng,349,3491.1659865379333,3497.539416074753,Socket,Socket,True
R5,full,raw_all,/home/lmy/iot-device-classification/dataset/socket/round5_positionB/socket_r5.pcapng,350,3501.1609196662903,3507.41587638855,Socket,Socket,True
R5,full,raw_all,/home/lmy/iot-device-classification/dataset/socket/round5_positionB/socket_r5.pcapng,351,3511.1519441604614,3517.949902534485,Socket,Socket,True
R5,full,raw_all,/home/lmy/iot-device-classification/dataset/socket/round5_positionB/socket_r5.pcapng,352,3521.120436191559,3528.1635279655457,Socket,Socket,True
R5,full,raw_all,/home/lmy/iot-device-classification/dataset/socket/round5_positionB/socket_r5.pcapng,353,3531.212692975998,3537.974105358124,Socket,Socket,True
R5,full,raw_all,/home/lmy/iot-device-classification/dataset/socket/round5_positionB/socket_r5.pcapng,354,3541.3049075603485,3547.802884578705,Socket,Socket,True
R5,full,raw_all,/home/lmy/iot-device-classification/dataset/socket/round5_positionB/socket_r5.pcapng,355,3551.1647901535034,3557.858106136322,Socket,Socket,True
R5,full,raw_all,/home/lmy/iot-device-classification/dataset/socket/round5_positionB/socket_r5.pcapng,356,3561.1579988002777,3568.4664776325226,Socket,Socket,True
R5,full,raw_all,/home/lmy/iot-device-classification/dataset/socket/round5_positionB/socket_r5.pcapng,357,3571.22158741951,3578.5367934703827,Socket,Socket,True
R5,full,raw_all,/home/lmy/iot-device-classification/dataset/socket/round5_positionB/socket_r5.pcapng,358,3581.2143745422363,3588.3537871837616,Socket,Socket,True
R5,full,raw_all,/home/lmy/iot-device-classification/dataset/socket/round5_positionB/socket_r5.pcapng,359,3591.208307266236,3598.1905353069305,Socket,Socket,True
R5,full,raw_all,/home/lmy/iot-device-classification/dataset/socket/round5_positionB/socket_r5.pcapng,360,3601.27223277092,3609.631454229355,Socket,Socket,True
R5,full,raw_all,/home/lmy/iot-device-classification/dataset/socket/round5_positionB/socket_r5.pcapng,361,3610.548320531845,3617.8026735782623,Socket,Socket,True
R5,full,raw_all,/home/lmy/iot-device-classification/dataset/socket/round5_positionB/socket_r5.pcapng,362,3621.2610211372375,3628.366182565689,Socket,Socket,True
