source_file,round,window_id,window_start,proba_Camera,proba_Light_T1,proba_Light_XM,proba_Sensor,proba_Socket,true_label
/home/lmy/iot-device-classification/dataset/camera/round6_jitter/camera_r6.pcapng,R6,0,0.0,0.078,0.612,0.104,0.192,0.014,Camera
/home/lmy/iot-device-classification/dataset/camera/round6_jitter/camera_r6.pcapng,R6,1,16.40841269493103,0.052,0.374,0.02,0.532,0.022,Camera
/home/lmy/iot-device-classification/dataset/camera/round6_jitter/camera_r6.pcapng,R6,2,21.816336631774902,0.338,0.494,0.026,0.138,0.004,Camera
/home/lmy/iot-device-classification/dataset/camera/round6_jitter/camera_r6.pcapng,R6,3,32.912108182907104,0.29,0.594,0.014,0.098,0.004,Camera
/home/lmy/iot-device-classification/dataset/camera/round6_jitter/camera_r6.pcapng,R6,4,41.04926657676697,0.334,0.542,0.032,0.09,0.002,Camera
/home/lmy/iot-device-classification/dataset/camera/round6_jitter/camera_r6.pcapng,R6,5,51.446101665496826,0.33,0.448,0.024,0.192,0.006,Camera
/home/lmy/iot-device-classification/dataset/camera/round6_jitter/camera_r6.pcapng,R6,6,61.49914860725403,0.05,0.606,0.072,0.258,0.014,Camera
/home/lmy/iot-device-classification/dataset/camera/round6_jitter/camera_r6.pcapng,R6,7,73.41196155548096,0.346,0.52,0.028,0.104,0.002,Camera
/home/lmy/iot-device-classification/dataset/camera/round6_jitter/camera_r6.pcapng,R6,8,81.02167701721191,0.372,0.528,0.022,0.076,0.002,Camera
/home/lmy/iot-device-classification/dataset/camera/round6_jitter/camera_r6.pcapng,R6,9,92.80597615242004,0.302,0.592,0.014,0.086,0.006,Camera
/home/lmy/iot-device-classification/dataset/camera/round6_jitter/camera_r6.pcapng,R6,10,100.02072978019714,0.274,0.582,0.02,0.118,0.006,Camera
/home/lmy/iot-device-classification/dataset/camera/round6_jitter/camera_r6.pcapng,R6,11,111.89992618560792,0.324,0.55,0.022,0.1,0.004,Camera
/home/lmy/iot-device-classification/dataset/camera/round6_jitter/camera_r6.pcapng,R6,12,126.0194730758667,0.236,0.574,0.026,0.156,0.008,Camera
/home/lmy/iot-device-classification/dataset/camera/round6_jitter/camera_r6.pcapng,R6,13,130.05439591407776,0.044,0.882,0.03,0.044,0.0,Camera
/home/lmy/iot-device-classification/dataset/camera/round6_jitter/camera_r6.pcapng,R6,14,142.73888063430786,0.358,0.524,0.018,0.094,0.006,Camera
/home/lmy/iot-device-classification/dataset/camera/round6_jitter/camera_r6.pcapng,R6,15,153.5285038948059,0.236,0.604,0.022,0.134,0.004,Camera
/home/lmy/iot-device-classification/dataset/camera/round6_jitter/camera_r6.pcapng,R6,16,160.07851576805115,0.004,0.844,0.014,0.138,0.0,Camera
/home/lmy/iot-device-classification/dataset/camera/round6_jitter/camera_r6.pcapng,R6,17,171.02723050117493,0.316,0.522,0.036,0.124,0.002,Camera
/home/lmy/iot-device-classification/dataset/camera/round6_jitter/camera_r6.pcapng,R6,18,183.03804540634155,0.136,0.604,0.054,0.188,0.018,Camera
/home/lmy/iot-device-classification/dataset/camera/round6_jitter/camera_r6.pcapng,R6,19,190.1085197925568,0.274,0.576,0.02,0.124,0.006,Camera
/home/lmy/iot-device-classification/dataset/camera/round6_jitter/camera_r6.pcapng,R6,20,203.03806710243225,0.316,0.572,0.022,0.086,0.004,Camera
/home/lmy/iot-device-classification/dataset/camera/round6_jitter/camera_r6.pcapng,R6,21,213.2129135131836,0.302,0.596,0.01,0.088,0.004,Camera
/home/lmy/iot-device-classification/dataset/camera/round6_jitter/camera_r6.pcapng,R6,22,220.1412694454193,0.15,0.66,0.036,0.146,0.008,Camera
/home/lmy/iot-device-classification/dataset/camera/round6_jitter/camera_r6.pcapng,R6,23,232.7073562145233,0.396,0.418,0.018,0.162,0.006,Camera
/home/lmy/iot-device-classification/dataset/camera/round6_jitter/camera_r6.pcapng,R6,24,242.42231249809265,0.106,0.44,0.184,0.27,0.0,Camera
/home/lmy/iot-device-classification/dataset/camera/round6_jitter/camera_r6.pcapng,R6,25,250.54356288909912,0.294,0.484,0.084,0.132,0.006,Camera
/home/lmy/iot-device-classification/dataset/camera/round6_jitter/camera_r6.pcapng,R6,26,261.02606296539307,0.12,0.802,0.034,0.044,0.0,Camera
/home/lmy/iot-device-classification/dataset/camera/round6_jitter/camera_r6.pcapng,R6,27,271.54691791534424,0.308,0.53,0.026,0.128,0.008,Camera
/home/lmy/iot-device-classification/dataset/camera/round6_jitter/camera_r6.pcapng,R6,28,280.19865012168884,0.292,0.592,0.008,0.102,0.006,Camera
/home/lmy/iot-device-classification/dataset/camera/round6_jitter/camera_r6.pcapng,R6,29,291.6837205886841,0.332,0.496,0.042,0.126,0.004,Camera
/home/lmy/iot-device-classification/dataset/camera/round6_jitter/camera_r6.pcapng,R6,30,302.70401096343994,0.1,0.604,0.078,0.2,0.018,Camera
/home/lmy/iot-device-classification/dataset/camera/round6_jitter/camera_r6.pcapng,R6,31,310.0042254924774,0.132,0.598,0.08,0.172,0.018,Camera
/home/lmy/iot-device-classification/dataset/camera/round6_jitter/camera_r6.pcapng,R6,32,323.98978781700134,0.356,0.54,0.024,0.078,0.002,Camera
/home/lmy/iot-device-classification/dataset/camera/round6_jitter/camera_r6.pcapng,R6,33,334.50849890708923,0.384,0.38,0.104,0.132,0.0,Camera
/home/lmy/iot-device-classification/dataset/camera/round6_jitter/camera_r6.pcapng,R6,34,340.0032203197479,0.486,0.26,0.068,0.18,0.006,Camera
/home/lmy/iot-device-classification/dataset/camera/round6_jitter/camera_r6.pcapng,R6,35,351.0170702934265,0.292,0.444,0.064,0.196,0.004,Camera
/home/lmy/iot-device-classification/dataset/camera/round6_jitter/camera_r6.pcapng,R6,36,360.03311371803284,0.418,0.418,0.046,0.116,0.002,Camera
/home/lmy/iot-device-classification/dataset/camera/round6_jitter/camera_r6.pcapng,R6,37,370.0232293605805,0.236,0.618,0.014,0.128,0.004,Camera
/home/lmy/iot-device-classification/dataset/camera/round6_jitter/camera_r6.pcapng,R6,38,382.2357532978058,0.268,0.534,0.034,0.16,0.004,Camera
/home/lmy/iot-device-classification/dataset/camera/round6_jitter/camera_r6.pcapng,R6,39,393.2556898593903,0.362,0.538,0.016,0.082,0.002,Camera
/home/lmy/iot-device-classification/dataset/camera/round6_jitter/camera_r6.pcapng,R6,40,400.0486106872559,0.006,0.96,0.014,0.02,0.0,Camera
/home/lmy/iot-device-classification/dataset/camera/round6_jitter/camera_r6.pcapng,R6,41,411.3919115066528,0.37,0.522,0.018,0.088,0.002,Camera
/home/lmy/iot-device-classification/dataset/camera/round6_jitter/camera_r6.pcapng,R6,42,421.52407789230347,0.358,0.526,0.028,0.082,0.006,Camera
/home/lmy/iot-device-classification/dataset/camera/round6_jitter/camera_r6.pcapng,R6,43,430.0828909873962,0.108,0.664,0.04,0.18,0.008,Camera
/home/lmy/iot-device-classification/dataset/camera/round6_jitter/camera_r6.pcapng,R6,44,441.0043699741364,0.102,0.796,0.026,0.076,0.0,Camera
/home/lmy/iot-device-classification/dataset/camera/round6_jitter/camera_r6.pcapng,R6,45,452.62622332572937,0.334,0.54,0.022,0.1,0.004,Camera
/home/lmy/iot-device-classification/dataset/camera/round6_jitter/camera_r6.pcapng,R6,46,460.1058382987976,0.138,0.614,0.074,0.152,0.022,Camera
/home/lmy/iot-device-classification/dataset/camera/round6_jitter/camera_r6.pcapng,R6,47,474.3995101451874,0.244,0.528,0.054,0.17,0.004,Camera
/home/lmy/iot-device-classification/dataset/camera/round6_jitter/camera_r6.pcapng,R6,48,486.0015821456909,0.302,0.384,0.024,0.286,0.004,Camera
/home/lmy/iot-device-classification/dataset/camera/round6_jitter/camera_r6.pcapng,R6,49,490.14001297950745,0.002,0.966,0.02,0.012,0.0,Camera
/home/lmy/iot-device-classification/dataset/camera/round6_jitter/camera_r6.pcapng,R6,50,504.9370534420013,0.324,0.566,0.026,0.08,0.004,Camera
/home/lmy/iot-device-classification/dataset/camera/round6_jitter/camera_r6.pcapng,R6,51,510.00192284584045,0.316,0.584,0.014,0.084,0.002,Camera
/home/lmy/iot-device-classification/dataset/camera/round6_jitter/camera_r6.pcapng,R6,52,520.1755855083466,0.27,0.596,0.01,0.12,0.004,Camera
/home/lmy/iot-device-classification/dataset/camera/round6_jitter/camera_r6.pcapng,R6,53,531.0203778743744,0.27,0.56,0.038,0.126,0.006,Camera
/home/lmy/iot-device-classification/dataset/camera/round6_jitter/camera_r6.pcapng,R6,54,540.1660544872284,0.244,0.6,0.022,0.128,0.006,Camera
/home/lmy/iot-device-classification/dataset/camera/round6_jitter/camera_r6.pcapng,R6,55,550.2081806659698,0.176,0.654,0.022,0.144,0.004,Camera
/home/lmy/iot-device-classification/dataset/camera/round6_jitter/camera_r6.pcapng,R6,56,565.3134598731995,0.372,0.514,0.024,0.084,0.006,Camera
/home/lmy/iot-device-classification/dataset/camera/round6_jitter/camera_r6.pcapng,R6,57,570.3277390003204,0.358,0.542,0.014,0.084,0.002,Camera
/home/lmy/iot-device-classification/dataset/camera/round6_jitter/camera_r6.pcapng,R6,58,580.2468507289886,0.07,0.682,0.014,0.23,0.004,Camera
/home/lmy/iot-device-classification/dataset/camera/round6_jitter/camera_r6.pcapng,R6,59,591.4444098472595,0.396,0.508,0.014,0.076,0.006,Camera
/home/lmy/iot-device-classification/dataset/camera/round6_jitter/camera_r6.pcapng,R6,60,600.5690519809723,0.25,0.592,0.032,0.122,0.004,Camera
/home/lmy/iot-device-classification/dataset/camera/round6_jitter/camera_r6.pcapng,R6,61,610.2696671485901,0.112,0.608,0.086,0.18,0.014,Camera
/home/lmy/iot-device-classification/dataset/camera/round6_jitter/camera_r6.pcapng,R6,62,621.0223753452301,0.32,0.542,0.024,0.112,0.002,Camera
/home/lmy/iot-device-classification/dataset/camera/round6_jitter/camera_r6.pcapng,R6,63,631.0489149093628,0.348,0.55,0.024,0.076,0.002,Camera
/home/lmy/iot-device-classification/dataset/camera/round6_jitter/camera_r6.pcapng,R6,64,640.3013761043549,0.228,0.58,0.032,0.154,0.006,Camera
/home/lmy/iot-device-classification/dataset/camera/round6_jitter/camera_r6.pcapng,R6,65,652.8207643032074,0.318,0.564,0.018,0.096,0.004,Camera
/home/lmy/iot-device-classification/dataset/camera/round6_jitter/camera_r6.pcapng,R6,66,661.0483551025391,0.292,0.568,0.03,0.108,0.002,Camera
/home/lmy/iot-device-classification/dataset/camera/round6_jitter/camera_r6.pcapng,R6,67,670.3313779830933,0.0,0.954,0.024,0.022,0.0,Camera
/home/lmy/iot-device-classification/dataset/camera/round6_jitter/camera_r6.pcapng,R6,68,685.992032289505,0.372,0.528,0.02,0.076,0.004,Camera
/home/lmy/iot-device-classification/dataset/camera/round6_jitter/camera_r6.pcapng,R6,69,691.0477283000946,0.392,0.48,0.022,0.1,0.006,Camera
/home/lmy/iot-device-classification/dataset/camera/round6_jitter/camera_r6.pcapng,R6,70,700.3579041957855,0.258,0.61,0.016,0.11,0.006,Camera
/home/lmy/iot-device-classification/dataset/camera/round6_jitter/camera_r6.pcapng,R6,71,711.0214726924896,0.392,0.498,0.022,0.084,0.004,Camera
/home/lmy/iot-device-classification/dataset/camera/round6_jitter/camera_r6.pcapng,R6,72,721.2866652011871,0.252,0.542,0.04,0.162,0.004,Camera
/home/lmy/iot-device-classification/dataset/camera/round6_jitter/camera_r6.pcapng,R6,73,730.3869349956512,0.246,0.592,0.032,0.124,0.006,Camera
/home/lmy/iot-device-classification/dataset/camera/round6_jitter/camera_r6.pcapng,R6,74,746.3915770053864,0.312,0.574,0.024,0.084,0.006,Camera
/home/lmy/iot-device-classification/dataset/camera/round6_jitter/camera_r6.pcapng,R6,75,751.4443991184235,0.3,0.564,0.038,0.096,0.002,Camera
/home/lmy/iot-device-classification/dataset/camera/round6_jitter/camera_r6.pcapng,R6,76,760.0777533054352,0.06,0.894,0.014,0.032,0.0,Camera
/home/lmy/iot-device-classification/dataset/camera/round6_jitter/camera_r6.pcapng,R6,77,770.00457072258,0.302,0.558,0.02,0.114,0.006,Camera
/home/lmy/iot-device-classification/dataset/camera/round6_jitter/camera_r6.pcapng,R6,78,780.0129764080048,0.158,0.486,0.018,0.33,0.008,Camera
/home/lmy/iot-device-classification/dataset/camera/round6_jitter/camera_r6.pcapng,R6,79,790.0239362716675,0.214,0.564,0.036,0.172,0.014,Camera
/home/lmy/iot-device-classification/dataset/camera/round6_jitter/camera_r6.pcapng,R6,80,800.031569480896,0.076,0.76,0.09,0.074,0.0,Camera
/home/lmy/iot-device-classification/dataset/camera/round6_jitter/camera_r6.pcapng,R6,81,810.0437679290771,0.226,0.588,0.104,0.08,0.002,Camera
/home/lmy/iot-device-classification/dataset/camera/round6_jitter/camera_r6.pcapng,R6,82,820.050460100174,0.218,0.592,0.044,0.134,0.012,Camera
/home/lmy/iot-device-classification/dataset/camera/round6_jitter/camera_r6.pcapng,R6,83,830.0600385665894,0.214,0.436,0.054,0.284,0.012,Camera
/home/lmy/iot-device-classification/dataset/camera/round6_jitter/camera_r6.pcapng,R6,84,840.0689706802368,0.39,0.512,0.016,0.078,0.004,Camera
/home/lmy/iot-device-classification/dataset/camera/round6_jitter/camera_r6.pcapng,R6,85,850.0787229537964,0.004,0.692,0.082,0.216,0.006,Camera
/home/lmy/iot-device-classification/dataset/camera/round6_jitter/camera_r6.pcapng,R6,86,860.087648153305,0.256,0.57,0.026,0.144,0.004,Camera
/home/lmy/iot-device-classification/dataset/camera/round6_jitter/camera_r6.pcapng,R6,87,870.0971782207489,0.274,0.592,0.022,0.11,0.002,Camera
/home/lmy/iot-device-classification/dataset/camera/round6_jitter/camera_r6.pcapng,R6,88,880.1092805862427,0.154,0.644,0.036,0.162,0.004,Camera
/home/lmy/iot-device-classification/dataset/camera/round6_jitter/camera_r6.pcapng,R6,89,890.1169939041138,0.116,0.66,0.082,0.14,0.002,Camera
/home/lmy/iot-device-classification/dataset/camera/round6_jitter/camera_r6.pcapng,R6,90,900.1253018379211,0.252,0.57,0.032,0.142,0.004,Camera
/home/lmy/iot-device-classification/dataset/camera/round6_jitter/camera_r6.pcapng,R6,91,910.1360483169556,0.086,0.588,0.072,0.224,0.03,Camera
/home/lmy/iot-device-classification/dataset/camera/round6_jitter/camera_r6.pcapng,R6,92,920.1435296535492,0.086,0.382,0.098,0.402,0.032,Camera
/home/lmy/iot-device-classification/dataset/camera/round6_jitter/camera_r6.pcapng,R6,93,930.1531882286072,0.206,0.512,0.06,0.218,0.004,Camera
/home/lmy/iot-device-classification/dataset/camera/round6_jitter/camera_r6.pcapng,R6,94,940.160546541214,0.006,0.684,0.088,0.22,0.002,Camera
/home/lmy/iot-device-classification/dataset/camera/round6_jitter/camera_r6.pcapng,R6,95,950.1968328952788,0.26,0.538,0.042,0.154,0.006,Camera
/home/lmy/iot-device-classification/dataset/camera/round6_jitter/camera_r6.pcapng,R6,96,960.1792941093444,0.28,0.58,0.02,0.116,0.004,Camera
/home/lmy/iot-device-classification/dataset/camera/round6_jitter/camera_r6.pcapng,R6,97,970.1894645690918,0.072,0.598,0.09,0.23,0.01,Camera
/home/lmy/iot-device-classification/dataset/camera/round6_jitter/camera_r6.pcapng,R6,98,980.1971294879912,0.082,0.842,0.016,0.06,0.0,Camera
/home/lmy/iot-device-classification/dataset/camera/round6_jitter/camera_r6.pcapng,R6,99,990.20591878891,0.354,0.536,0.016,0.092,0.002,Camera
/home/lmy/iot-device-classification/dataset/camera/round6_jitter/camera_r6.pcapng,R6,100,1000.2157583236694,0.058,0.586,0.02,0.332,0.004,Camera
/home/lmy/iot-device-classification/dataset/camera/round6_jitter/camera_r6.pcapng,R6,101,1010.224273443222,0.316,0.496,0.038,0.146,0.004,Camera
/home/lmy/iot-device-classification/dataset/camera/round6_jitter/camera_r6.pcapng,R6,102,1020.2338607311248,0.364,0.5,0.028,0.104,0.004,Camera
/home/lmy/iot-device-classification/dataset/camera/round6_jitter/camera_r6.pcapng,R6,103,1030.242716550827,0.02,0.682,0.114,0.182,0.002,Camera
/home/lmy/iot-device-classification/dataset/camera/round6_jitter/camera_r6.pcapng,R6,104,1040.2521483898165,0.346,0.544,0.034,0.074,0.002,Camera
/home/lmy/iot-device-classification/dataset/camera/round6_jitter/camera_r6.pcapng,R6,105,1050.2611038684845,0.35,0.542,0.03,0.076,0.002,Camera
/home/lmy/iot-device-classification/dataset/camera/round6_jitter/camera_r6.pcapng,R6,106,1060.2709476947784,0.22,0.614,0.03,0.132,0.004,Camera
/home/lmy/iot-device-classification/dataset/camera/round6_jitter/camera_r6.pcapng,R6,107,1070.2807598114014,0.114,0.714,0.08,0.09,0.002,Camera
/home/lmy/iot-device-classification/dataset/camera/round6_jitter/camera_r6.pcapng,R6,108,1080.288731098175,0.36,0.402,0.02,0.212,0.006,Camera
/home/lmy/iot-device-classification/dataset/camera/round6_jitter/camera_r6.pcapng,R6,109,1090.3017070293429,0.17,0.558,0.06,0.194,0.018,Camera
/home/lmy/iot-device-classification/dataset/camera/round6_jitter/camera_r6.pcapng,R6,110,1100.0668396949768,0.332,0.51,0.032,0.122,0.004,Camera
/home/lmy/iot-device-classification/dataset/camera/round6_jitter/camera_r6.pcapng,R6,111,1110.316005706787,0.298,0.604,0.016,0.08,0.002,Camera
/home/lmy/iot-device-classification/dataset/camera/round6_jitter/camera_r6.pcapng,R6,112,1120.3258516788485,0.008,0.876,0.04,0.076,0.0,Camera
/home/lmy/iot-device-classification/dataset/camera/round6_jitter/camera_r6.pcapng,R6,113,1130.3339591026306,0.368,0.52,0.024,0.084,0.004,Camera
/home/lmy/iot-device-classification/dataset/camera/round6_jitter/camera_r6.pcapng,R6,114,1140.2351582050323,0.334,0.556,0.016,0.09,0.004,Camera
/home/lmy/iot-device-classification/dataset/camera/round6_jitter/camera_r6.pcapng,R6,115,1150.3517241477966,0.09,0.642,0.064,0.198,0.006,Camera
/home/lmy/iot-device-classification/dataset/camera/round6_jitter/camera_r6.pcapng,R6,116,1160.3603098392489,0.074,0.622,0.016,0.276,0.012,Camera
/home/lmy/iot-device-classification/dataset/camera/round6_jitter/camera_r6.pcapng,R6,117,1170.3695676326752,0.346,0.544,0.026,0.082,0.002,Camera
/home/lmy/iot-device-classification/dataset/camera/round6_jitter/camera_r6.pcapng,R6,118,1180.378601312637,0.258,0.612,0.014,0.11,0.006,Camera
/home/lmy/iot-device-classification/dataset/camera/round6_jitter/camera_r6.pcapng,R6,119,1190.0614500045776,0.322,0.564,0.024,0.084,0.006,Camera
/home/lmy/iot-device-classification/dataset/camera/round6_jitter/camera_r6.pcapng,R6,120,1200.3967099189758,0.384,0.446,0.018,0.146,0.006,Camera
/home/lmy/iot-device-classification/dataset/camera/round6_jitter/camera_r6.pcapng,R6,121,1210.4067702293396,0.242,0.596,0.028,0.128,0.006,Camera
/home/lmy/iot-device-classification/dataset/camera/round6_jitter/camera_r6.pcapng,R6,122,1220.4153892993927,0.238,0.576,0.036,0.142,0.008,Camera
/home/lmy/iot-device-classification/dataset/camera/round6_jitter/camera_r6.pcapng,R6,123,1230.1073174476624,0.396,0.492,0.034,0.076,0.002,Camera
/home/lmy/iot-device-classification/dataset/camera/round6_jitter/camera_r6.pcapng,R6,124,1240.4547765254974,0.002,0.968,0.014,0.016,0.0,Camera
/home/lmy/iot-device-classification/dataset/camera/round6_jitter/camera_r6.pcapng,R6,125,1250.473376274109,0.366,0.526,0.024,0.082,0.002,Camera
/home/lmy/iot-device-classification/dataset/camera/round6_jitter/camera_r6.pcapng,R6,126,1260.097229719162,0.412,0.39,0.02,0.168,0.01,Camera
/home/lmy/iot-device-classification/dataset/camera/round6_jitter/camera_r6.pcapng,R6,127,1270.5052843093872,0.256,0.606,0.01,0.124,0.004,Camera
/home/lmy/iot-device-classification/dataset/camera/round6_jitter/camera_r6.pcapng,R6,128,1280.5202345848083,0.33,0.546,0.03,0.092,0.002,Camera
/home/lmy/iot-device-classification/dataset/camera/round6_jitter/camera_r6.pcapng,R6,129,1290.5345997810364,0.366,0.536,0.02,0.076,0.002,Camera
/home/lmy/iot-device-classification/dataset/camera/round6_jitter/camera_r6.pcapng,R6,130,1300.6574850082395,0.0,0.784,0.084,0.13,0.002,Camera
/home/lmy/iot-device-classification/dataset/camera/round6_jitter/camera_r6.pcapng,R6,131,1310.5614368915558,0.278,0.514,0.038,0.164,0.006,Camera
/home/lmy/iot-device-classification/dataset/camera/round6_jitter/camera_r6.pcapng,R6,132,1320.2364172935486,0.37,0.514,0.024,0.088,0.004,Camera
/home/lmy/iot-device-classification/dataset/camera/round6_jitter/camera_r6.pcapng,R6,133,1330.5603668689728,0.212,0.566,0.04,0.164,0.018,Camera
/home/lmy/iot-device-classification/dataset/camera/round6_jitter/camera_r6.pcapng,R6,134,1340.5608189105988,0.086,0.788,0.044,0.082,0.0,Camera
/home/lmy/iot-device-classification/dataset/camera/round6_jitter/camera_r6.pcapng,R6,135,1350.6116394996643,0.218,0.44,0.034,0.302,0.006,Camera
/home/lmy/iot-device-classification/dataset/camera/round6_jitter/camera_r6.pcapng,R6,136,1360.0547397136688,0.204,0.638,0.008,0.146,0.004,Camera
/home/lmy/iot-device-classification/dataset/camera/round6_jitter/camera_r6.pcapng,R6,137,1370.5248005390167,0.156,0.38,0.104,0.32,0.04,Camera
/home/lmy/iot-device-classification/dataset/camera/round6_jitter/camera_r6.pcapng,R6,138,1380.6457180976868,0.426,0.476,0.012,0.084,0.002,Camera
/home/lmy/iot-device-classification/dataset/camera/round6_jitter/camera_r6.pcapng,R6,139,1390.6567373275757,0.242,0.572,0.034,0.144,0.008,Camera
/home/lmy/iot-device-classification/dataset/camera/round6_jitter/camera_r6.pcapng,R6,140,1400.6698451042175,0.198,0.532,0.038,0.23,0.002,Camera
/home/lmy/iot-device-classification/dataset/camera/round6_jitter/camera_r6.pcapng,R6,141,1410.6798725128174,0.35,0.548,0.028,0.072,0.002,Camera
/home/lmy/iot-device-classification/dataset/camera/round6_jitter/camera_r6.pcapng,R6,142,1420.3518302440643,0.21,0.638,0.028,0.12,0.004,Camera
/home/lmy/iot-device-classification/dataset/camera/round6_jitter/camera_r6.pcapng,R6,143,1430.7013702392578,0.294,0.394,0.018,0.286,0.008,Camera
/home/lmy/iot-device-classification/dataset/camera/round6_jitter/camera_r6.pcapng,R6,144,1440.5481615066528,0.208,0.53,0.06,0.192,0.01,Camera
/home/lmy/iot-device-classification/dataset/camera/round6_jitter/camera_r6.pcapng,R6,145,1450.7262361049652,0.194,0.56,0.06,0.164,0.022,Camera
/home/lmy/iot-device-classification/dataset/camera/round6_jitter/camera_r6.pcapng,R6,146,1460.735589981079,0.232,0.564,0.03,0.17,0.004,Camera
/home/lmy/iot-device-classification/dataset/camera/round6_jitter/camera_r6.pcapng,R6,147,1470.7458844184875,0.262,0.562,0.04,0.134,0.002,Camera
/home/lmy/iot-device-classification/dataset/camera/round6_jitter/camera_r6.pcapng,R6,148,1480.756953716278,0.086,0.608,0.078,0.196,0.032,Camera
/home/lmy/iot-device-classification/dataset/camera/round6_jitter/camera_r6.pcapng,R6,149,1490.768805027008,0.052,0.378,0.07,0.482,0.018,Camera
/home/lmy/iot-device-classification/dataset/camera/round6_jitter/camera_r6.pcapng,R6,150,1500.7786297798157,0.226,0.486,0.062,0.214,0.012,Camera
/home/lmy/iot-device-classification/dataset/camera/round6_jitter/camera_r6.pcapng,R6,151,1510.7899146080017,0.08,0.618,0.076,0.214,0.012,Camera
/home/lmy/iot-device-classification/dataset/camera/round6_jitter/camera_r6.pcapng,R6,152,1520.803120613098,0.04,0.862,0.046,0.052,0.0,Camera
/home/lmy/iot-device-classification/dataset/camera/round6_jitter/camera_r6.pcapng,R6,153,1530.8155438899994,0.28,0.436,0.02,0.26,0.004,Camera
/home/lmy/iot-device-classification/dataset/camera/round6_jitter/camera_r6.pcapng,R6,154,1540.8263595104218,0.11,0.442,0.108,0.298,0.042,Camera
/home/lmy/iot-device-classification/dataset/camera/round6_jitter/camera_r6.pcapng,R6,155,1550.8364689350128,0.338,0.524,0.032,0.1,0.006,Camera
/home/lmy/iot-device-classification/dataset/camera/round6_jitter/camera_r6.pcapng,R6,156,1560.8475756645205,0.268,0.552,0.036,0.14,0.004,Camera
/home/lmy/iot-device-classification/dataset/camera/round6_jitter/camera_r6.pcapng,R6,157,1570.8592460155487,0.032,0.768,0.07,0.118,0.012,Camera
/home/lmy/iot-device-classification/dataset/camera/round6_jitter/camera_r6.pcapng,R6,158,1580.0335268974304,0.068,0.384,0.098,0.434,0.016,Camera
/home/lmy/iot-device-classification/dataset/camera/round6_jitter/camera_r6.pcapng,R6,159,1590.8837537765503,0.292,0.56,0.022,0.124,0.002,Camera
/home/lmy/iot-device-classification/dataset/camera/round6_jitter/camera_r6.pcapng,R6,160,1600.8940246105194,0.244,0.63,0.006,0.116,0.004,Camera
/home/lmy/iot-device-classification/dataset/camera/round6_jitter/camera_r6.pcapng,R6,161,1610.075944185257,0.048,0.608,0.058,0.284,0.002,Camera
/home/lmy/iot-device-classification/dataset/camera/round6_jitter/camera_r6.pcapng,R6,162,1620.51802277565,0.33,0.558,0.022,0.086,0.004,Camera
/home/lmy/iot-device-classification/dataset/camera/round6_jitter/camera_r6.pcapng,R6,163,1630.3055078983307,0.058,0.584,0.062,0.276,0.02,Camera
/home/lmy/iot-device-classification/dataset/camera/round6_jitter/camera_r6.pcapng,R6,164,1640.680101394653,0.356,0.522,0.028,0.09,0.004,Camera
/home/lmy/iot-device-classification/dataset/camera/round6_jitter/camera_r6.pcapng,R6,165,1650.7415676116943,0.306,0.572,0.03,0.09,0.002,Camera
/home/lmy/iot-device-classification/dataset/camera/round6_jitter/camera_r6.pcapng,R6,166,1660.9584228992462,0.132,0.542,0.08,0.226,0.02,Camera
/home/lmy/iot-device-classification/dataset/camera/round6_jitter/camera_r6.pcapng,R6,167,1670.0793545246124,0.184,0.422,0.114,0.252,0.028,Camera
/home/lmy/iot-device-classification/dataset/camera/round6_jitter/camera_r6.pcapng,R6,168,1680.9798557758331,0.29,0.48,0.048,0.176,0.006,Camera
/home/lmy/iot-device-classification/dataset/camera/round6_jitter/camera_r6.pcapng,R6,169,1690.9905726909635,0.1,0.602,0.072,0.212,0.014,Camera
/home/lmy/iot-device-classification/dataset/camera/round6_jitter/camera_r6.pcapng,R6,170,1701.001389503479,0.346,0.532,0.028,0.092,0.002,Camera
/home/lmy/iot-device-classification/dataset/camera/round6_jitter/camera_r6.pcapng,R6,171,1711.0130038261414,0.344,0.532,0.018,0.104,0.002,Camera
/home/lmy/iot-device-classification/dataset/camera/round6_jitter/camera_r6.pcapng,R6,172,1721.024141788483,0.166,0.564,0.072,0.182,0.016,Camera
/home/lmy/iot-device-classification/dataset/camera/round6_jitter/camera_r6.pcapng,R6,173,1731.035284280777,0.194,0.4,0.098,0.284,0.024,Camera
/home/lmy/iot-device-classification/dataset/camera/round6_jitter/camera_r6.pcapng,R6,174,1740.005134820938,0.364,0.434,0.03,0.168,0.004,Camera
/home/lmy/iot-device-classification/dataset/camera/round6_jitter/camera_r6.pcapng,R6,175,1751.055501461029,0.136,0.684,0.042,0.134,0.004,Camera
/home/lmy/iot-device-classification/dataset/camera/round6_jitter/camera_r6.pcapng,R6,176,1760.3052315711975,0.324,0.542,0.024,0.106,0.004,Camera
/home/lmy/iot-device-classification/dataset/camera/round6_jitter/camera_r6.pcapng,R6,177,1771.0771534442902,0.352,0.512,0.018,0.112,0.006,Camera
/home/lmy/iot-device-classification/dataset/camera/round6_jitter/camera_r6.pcapng,R6,178,1781.0871739387512,0.2,0.62,0.03,0.146,0.004,Camera
/home/lmy/iot-device-classification/dataset/camera/round6_jitter/camera_r6.pcapng,R6,179,1790.7262122631073,0.034,0.666,0.114,0.182,0.004,Camera
/home/lmy/iot-device-classification/dataset/camera/round6_jitter/camera_r6.pcapng,R6,180,1801.1117963790894,0.266,0.534,0.036,0.16,0.004,Camera
/home/lmy/iot-device-classification/dataset/camera/round6_jitter/camera_r6.pcapng,R6,181,1811.119606494904,0.082,0.592,0.096,0.218,0.012,Camera
/home/lmy/iot-device-classification/dataset/camera/round6_jitter/camera_r6.pcapng,R6,182,1821.131190299988,0.214,0.548,0.036,0.198,0.004,Camera
/home/lmy/iot-device-classification/dataset/camera/round6_jitter/camera_r6.pcapng,R6,183,1830.401210784912,0.39,0.452,0.024,0.13,0.004,Camera
/home/lmy/iot-device-classification/dataset/camera/round6_jitter/camera_r6.pcapng,R6,184,1841.151824235916,0.192,0.65,0.018,0.136,0.004,Camera
/home/lmy/iot-device-classification/dataset/camera/round6_jitter/camera_r6.pcapng,R6,185,1851.0495929718015,0.346,0.534,0.036,0.082,0.002,Camera
/home/lmy/iot-device-classification/dataset/camera/round6_jitter/camera_r6.pcapng,R6,186,1861.1733157634733,0.392,0.508,0.018,0.076,0.006,Camera
/home/lmy/iot-device-classification/dataset/camera/round6_jitter/camera_r6.pcapng,R6,187,1871.183921098709,0.158,0.476,0.064,0.282,0.02,Camera
/home/lmy/iot-device-classification/dataset/camera/round6_jitter/camera_r6.pcapng,R6,188,1881.094130516052,0.154,0.404,0.018,0.416,0.008,Camera
/home/lmy/iot-device-classification/dataset/camera/round6_jitter/camera_r6.pcapng,R6,189,1891.205209732056,0.344,0.514,0.048,0.088,0.006,Camera
/home/lmy/iot-device-classification/dataset/camera/round6_jitter/camera_r6.pcapng,R6,190,1901.2158374786377,0.074,0.612,0.08,0.218,0.016,Camera
/home/lmy/iot-device-classification/dataset/camera/round6_jitter/camera_r6.pcapng,R6,191,1911.2268846035004,0.314,0.476,0.024,0.18,0.006,Camera
/home/lmy/iot-device-classification/dataset/camera/round6_jitter/camera_r6.pcapng,R6,192,1921.2364990711208,0.408,0.512,0.008,0.07,0.002,Camera
/home/lmy/iot-device-classification/dataset/camera/round6_jitter/camera_r6.pcapng,R6,193,1931.1887125968933,0.114,0.578,0.072,0.224,0.012,Camera
/home/lmy/iot-device-classification/dataset/camera/round6_jitter/camera_r6.pcapng,R6,194,1940.2201228141785,0.342,0.5,0.028,0.12,0.01,Camera
/home/lmy/iot-device-classification/dataset/camera/round6_jitter/camera_r6.pcapng,R6,195,1951.2698059082031,0.348,0.534,0.018,0.098,0.002,Camera
/home/lmy/iot-device-classification/dataset/camera/round6_jitter/camera_r6.pcapng,R6,196,1961.151922941208,0.086,0.66,0.028,0.22,0.006,Camera
/home/lmy/iot-device-classification/dataset/camera/round6_jitter/camera_r6.pcapng,R6,197,1970.6478106975555,0.36,0.534,0.02,0.082,0.004,Camera
/home/lmy/iot-device-classification/dataset/camera/round6_jitter/camera_r6.pcapng,R6,198,1981.3017301559448,0.382,0.482,0.028,0.1,0.008,Camera
/home/lmy/iot-device-classification/dataset/camera/round6_jitter/camera_r6.pcapng,R6,199,1991.3114309310915,0.256,0.618,0.006,0.114,0.006,Camera
/home/lmy/iot-device-classification/dataset/camera/round6_jitter/camera_r6.pcapng,R6,200,2000.807374954224,0.34,0.548,0.034,0.076,0.002,Camera
/home/lmy/iot-device-classification/dataset/camera/round6_jitter/camera_r6.pcapng,R6,201,2011.3332693576813,0.374,0.514,0.026,0.084,0.002,Camera
/home/lmy/iot-device-classification/dataset/camera/round6_jitter/camera_r6.pcapng,R6,202,2021.1537182331083,0.0,0.894,0.05,0.056,0.0,Camera
/home/lmy/iot-device-classification/dataset/camera/round6_jitter/camera_r6.pcapng,R6,203,2031.3539736270905,0.338,0.536,0.022,0.102,0.002,Camera
/home/lmy/iot-device-classification/dataset/camera/round6_jitter/camera_r6.pcapng,R6,204,2040.3414373397827,0.394,0.51,0.016,0.076,0.004,Camera
/home/lmy/iot-device-classification/dataset/camera/round6_jitter/camera_r6.pcapng,R6,205,2050.010827064514,0.156,0.59,0.054,0.186,0.014,Camera
/home/lmy/iot-device-classification/dataset/camera/round6_jitter/camera_r6.pcapng,R6,206,2061.106495141983,0.36,0.53,0.02,0.088,0.002,Camera
/home/lmy/iot-device-classification/dataset/camera/round6_jitter/camera_r6.pcapng,R6,207,2071.2123415470123,0.216,0.586,0.032,0.162,0.004,Camera
/home/lmy/iot-device-classification/dataset/camera/round6_jitter/camera_r6.pcapng,R6,208,2081.1602578163147,0.176,0.586,0.06,0.162,0.016,Camera
/home/lmy/iot-device-classification/dataset/camera/round6_jitter/camera_r6.pcapng,R6,209,2091.417254447937,0.272,0.564,0.016,0.144,0.004,Camera
/home/lmy/iot-device-classification/dataset/camera/round6_jitter/camera_r6.pcapng,R6,210,2101.428189277649,0.314,0.414,0.048,0.212,0.012,Camera
/home/lmy/iot-device-classification/dataset/camera/round6_jitter/camera_r6.pcapng,R6,211,2110.0503301620483,0.226,0.614,0.018,0.136,0.006,Camera
/home/lmy/iot-device-classification/dataset/camera/round6_jitter/camera_r6.pcapng,R6,212,2120.1566846370697,0.248,0.444,0.036,0.262,0.01,Camera
/home/lmy/iot-device-classification/dataset/camera/round6_jitter/camera_r6.pcapng,R6,213,2130.6482462883,0.256,0.506,0.046,0.186,0.006,Camera
/home/lmy/iot-device-classification/dataset/camera/round6_jitter/camera_r6.pcapng,R6,214,2141.470321416855,0.084,0.596,0.076,0.224,0.02,Camera
/home/lmy/iot-device-classification/dataset/camera/round6_jitter/camera_r6.pcapng,R6,215,2151.099848985672,0.266,0.582,0.034,0.116,0.002,Camera
/home/lmy/iot-device-classification/dataset/camera/round6_jitter/camera_r6.pcapng,R6,216,2161.4915142059326,0.33,0.49,0.032,0.14,0.008,Camera
/home/lmy/iot-device-classification/dataset/camera/round6_jitter/camera_r6.pcapng,R6,217,2171.501562356949,0.05,0.594,0.072,0.264,0.02,Camera
/home/lmy/iot-device-classification/dataset/camera/round6_jitter/camera_r6.pcapng,R6,218,2181.514461517334,0.24,0.504,0.046,0.208,0.002,Camera
/home/lmy/iot-device-classification/dataset/camera/round6_jitter/camera_r6.pcapng,R6,219,2190.035140514374,0.358,0.538,0.018,0.084,0.002,Camera
/home/lmy/iot-device-classification/dataset/camera/round6_jitter/camera_r6.pcapng,R6,220,2201.163538217545,0.024,0.814,0.074,0.088,0.0,Camera
/home/lmy/iot-device-classification/dataset/camera/round6_jitter/camera_r6.pcapng,R6,221,2211.546885490417,0.044,0.378,0.076,0.484,0.018,Camera
/home/lmy/iot-device-classification/dataset/camera/round6_jitter/camera_r6.pcapng,R6,222,2221.065989494324,0.278,0.566,0.038,0.116,0.002,Camera
/home/lmy/iot-device-classification/dataset/camera/round6_jitter/camera_r6.pcapng,R6,223,2231.567617893219,0.088,0.542,0.058,0.294,0.018,Camera
/home/lmy/iot-device-classification/dataset/camera/round6_jitter/camera_r6.pcapng,R6,224,2241.104499101639,0.052,0.668,0.086,0.192,0.002,Camera
/home/lmy/iot-device-classification/dataset/camera/round6_jitter/camera_r6.pcapng,R6,225,2251.2736291885376,0.254,0.536,0.036,0.166,0.008,Camera
/home/lmy/iot-device-classification/dataset/camera/round6_jitter/camera_r6.pcapng,R6,226,2260.338905096054,0.184,0.644,0.05,0.118,0.004,Camera
/home/lmy/iot-device-classification/dataset/camera/round6_jitter/camera_r6.pcapng,R6,227,2270.066679239273,0.28,0.508,0.038,0.17,0.004,Camera
/home/lmy/iot-device-classification/dataset/camera/round6_jitter/camera_r6.pcapng,R6,228,2281.481075286865,0.32,0.514,0.018,0.144,0.004,Camera
/home/lmy/iot-device-classification/dataset/camera/round6_jitter/camera_r6.pcapng,R6,229,2290.3391563892365,0.18,0.6,0.062,0.148,0.01,Camera
/home/lmy/iot-device-classification/dataset/camera/round6_jitter/camera_r6.pcapng,R6,230,2300.5894227027893,0.096,0.38,0.092,0.398,0.034,Camera
/home/lmy/iot-device-classification/dataset/camera/round6_jitter/camera_r6.pcapng,R6,231,2310.2287006378174,0.376,0.508,0.02,0.094,0.002,Camera
/home/lmy/iot-device-classification/dataset/camera/round6_jitter/camera_r6.pcapng,R6,232,2321.660905122757,0.136,0.568,0.05,0.216,0.03,Camera
/home/lmy/iot-device-classification/dataset/camera/round6_jitter/camera_r6.pcapng,R6,233,2330.756392717361,0.042,0.774,0.052,0.128,0.004,Camera
/home/lmy/iot-device-classification/dataset/camera/round6_jitter/camera_r6.pcapng,R6,234,2341.6828610897064,0.236,0.494,0.06,0.204,0.006,Camera
/home/lmy/iot-device-classification/dataset/camera/round6_jitter/camera_r6.pcapng,R6,235,2350.78146982193,0.08,0.604,0.082,0.22,0.014,Camera
/home/lmy/iot-device-classification/dataset/camera/round6_jitter/camera_r6.pcapng,R6,236,2361.702826976776,0.19,0.622,0.022,0.162,0.004,Camera
/home/lmy/iot-device-classification/dataset/camera/round6_jitter/camera_r6.pcapng,R6,237,2370.4549210071564,0.21,0.6,0.052,0.132,0.006,Camera
/home/lmy/iot-device-classification/dataset/camera/round6_jitter/camera_r6.pcapng,R6,238,2381.1730210781097,0.034,0.698,0.074,0.164,0.03,Camera
/home/lmy/iot-device-classification/dataset/camera/round6_jitter/camera_r6.pcapng,R6,239,2391.735043048858,0.122,0.554,0.028,0.272,0.024,Camera
/home/lmy/iot-device-classification/dataset/camera/round6_jitter/camera_r6.pcapng,R6,240,2400.168126106262,0.298,0.56,0.02,0.114,0.008,Camera
/home/lmy/iot-device-classification/dataset/camera/round6_jitter/camera_r6.pcapng,R6,241,2411.1951761245728,0.072,0.476,0.104,0.314,0.034,Camera
/home/lmy/iot-device-classification/dataset/camera/round6_jitter/camera_r6.pcapng,R6,242,2420.0209805965424,0.056,0.538,0.06,0.34,0.006,Camera
/home/lmy/iot-device-classification/dataset/camera/round6_jitter/camera_r6.pcapng,R6,243,2430.3680777549744,0.23,0.588,0.034,0.146,0.002,Camera
/home/lmy/iot-device-classification/dataset/camera/round6_jitter/camera_r6.pcapng,R6,244,2441.789070606232,0.066,0.606,0.082,0.224,0.022,Camera
/home/lmy/iot-device-classification/dataset/camera/round6_jitter/camera_r6.pcapng,R6,245,2451.8004252910614,0.23,0.544,0.028,0.192,0.006,Camera
/home/lmy/iot-device-classification/dataset/camera/round6_jitter/camera_r6.pcapng,R6,246,2461.2350544929504,0.292,0.548,0.03,0.126,0.004,Camera
/home/lmy/iot-device-classification/dataset/camera/round6_jitter/camera_r6.pcapng,R6,247,2471.178680419922,0.128,0.606,0.088,0.164,0.014,Camera
/home/lmy/iot-device-classification/dataset/camera/round6_jitter/camera_r6.pcapng,R6,248,2481.8346717357635,0.242,0.508,0.036,0.198,0.016,Camera
/home/lmy/iot-device-classification/dataset/camera/round6_jitter/camera_r6.pcapng,R6,249,2491.843199491501,0.262,0.562,0.028,0.144,0.004,Camera
/home/lmy/iot-device-classification/dataset/camera/round6_jitter/camera_r6.pcapng,R6,250,2500.7550644874573,0.07,0.614,0.092,0.196,0.028,Camera
/home/lmy/iot-device-classification/dataset/camera/round6_jitter/camera_r6.pcapng,R6,251,2511.1196603775024,0.052,0.834,0.044,0.07,0.0,Camera
/home/lmy/iot-device-classification/dataset/camera/round6_jitter/camera_r6.pcapng,R6,252,2521.8722615242004,0.322,0.55,0.024,0.102,0.002,Camera
/home/lmy/iot-device-classification/dataset/camera/round6_jitter/camera_r6.pcapng,R6,253,2530.031833410263,0.146,0.546,0.074,0.206,0.028,Camera
/home/lmy/iot-device-classification/dataset/camera/round6_jitter/camera_r6.pcapng,R6,254,2540.5243484973907,0.162,0.368,0.08,0.364,0.026,Camera
/home/lmy/iot-device-classification/dataset/camera/round6_jitter/camera_r6.pcapng,R6,255,2550.1106231212616,0.316,0.552,0.034,0.096,0.002,Camera
/home/lmy/iot-device-classification/dataset/camera/round6_jitter/camera_r6.pcapng,R6,256,2561.1838822364807,0.144,0.616,0.038,0.194,0.008,Camera
/home/lmy/iot-device-classification/dataset/camera/round6_jitter/camera_r6.pcapng,R6,257,2571.926914930344,0.318,0.546,0.042,0.088,0.006,Camera
/home/lmy/iot-device-classification/dataset/camera/round6_jitter/camera_r6.pcapng,R6,258,2581.171144247055,0.322,0.51,0.026,0.118,0.024,Camera
/home/lmy/iot-device-classification/dataset/camera/round6_jitter/camera_r6.pcapng,R6,259,2590.4857437610626,0.156,0.608,0.068,0.152,0.016,Camera
/home/lmy/iot-device-classification/dataset/camera/round6_jitter/camera_r6.pcapng,R6,260,2601.1453745365143,0.16,0.738,0.05,0.05,0.002,Camera
/home/lmy/iot-device-classification/dataset/camera/round6_jitter/camera_r6.pcapng,R6,261,2611.968994617462,0.346,0.504,0.034,0.112,0.004,Camera
/home/lmy/iot-device-classification/dataset/camera/round6_jitter/camera_r6.pcapng,R6,262,2621.981785297394,0.09,0.578,0.066,0.244,0.022,Camera
/home/lmy/iot-device-classification/dataset/camera/round6_jitter/camera_r6.pcapng,R6,263,2630.1665213108063,0.322,0.566,0.022,0.088,0.002,Camera
/home/lmy/iot-device-classification/dataset/camera/round6_jitter/camera_r6.pcapng,R6,264,2641.494455099106,0.28,0.542,0.038,0.138,0.002,Camera
/home/lmy/iot-device-classification/dataset/camera/round6_jitter/camera_r6.pcapng,R6,265,2650.898370027542,0.036,0.764,0.09,0.102,0.008,Camera
/home/lmy/iot-device-classification/dataset/camera/round6_jitter/camera_r6.pcapng,R6,266,2662.021950244904,0.232,0.544,0.048,0.172,0.004,Camera
/home/lmy/iot-device-classification/dataset/camera/round6_jitter/camera_r6.pcapng,R6,267,2672.031007766724,0.264,0.574,0.054,0.106,0.002,Camera
/home/lmy/iot-device-classification/dataset/camera/round6_jitter/camera_r6.pcapng,R6,268,2680.4090781211853,0.134,0.45,0.094,0.296,0.026,Camera
/home/lmy/iot-device-classification/dataset/camera/round6_jitter/camera_r6.pcapng,R6,269,2690.46989774704,0.102,0.812,0.04,0.046,0.0,Camera
/home/lmy/iot-device-classification/dataset/camera/round6_jitter/camera_r6.pcapng,R6,270,2702.063769102097,0.246,0.594,0.034,0.122,0.004,Camera
/home/lmy/iot-device-classification/dataset/camera/round6_jitter/camera_r6.pcapng,R6,271,2710.275403022766,0.182,0.59,0.07,0.148,0.01,Camera
/home/lmy/iot-device-classification/dataset/camera/round6_jitter/camera_r6.pcapng,R6,272,2722.083335399628,0.302,0.55,0.02,0.124,0.004,Camera
/home/lmy/iot-device-classification/dataset/camera/round6_jitter/camera_r6.pcapng,R6,273,2732.09583568573,0.236,0.54,0.04,0.18,0.004,Camera
/home/lmy/iot-device-classification/dataset/camera/round6_jitter/camera_r6.pcapng,R6,274,2740.8125216960907,0.034,0.76,0.078,0.122,0.006,Camera
/home/lmy/iot-device-classification/dataset/camera/round6_jitter/camera_r6.pcapng,R6,275,2750.782450914383,0.242,0.536,0.054,0.166,0.002,Camera
/home/lmy/iot-device-classification/dataset/camera/round6_jitter/camera_r6.pcapng,R6,276,2762.13106751442,0.232,0.53,0.044,0.192,0.002,Camera
/home/lmy/iot-device-classification/dataset/camera/round6_jitter/camera_r6.pcapng,R6,277,2770.374505519867,0.234,0.59,0.048,0.116,0.012,Camera
/home/lmy/iot-device-classification/dataset/camera/round6_jitter/camera_r6.pcapng,R6,278,2781.135273694992,0.144,0.404,0.036,0.41,0.006,Camera
/home/lmy/iot-device-classification/dataset/camera/round6_jitter/camera_r6.pcapng,R6,279,2790.5485973358154,0.352,0.54,0.026,0.08,0.002,Camera
/home/lmy/iot-device-classification/dataset/camera/round6_jitter/camera_r6.pcapng,R6,280,2801.2378311157227,0.062,0.59,0.046,0.284,0.018,Camera
/home/lmy/iot-device-classification/dataset/camera/round6_jitter/camera_r6.pcapng,R6,281,2811.161914110184,0.186,0.556,0.046,0.206,0.006,Camera
/home/lmy/iot-device-classification/dataset/camera/round6_jitter/camera_r6.pcapng,R6,282,2820.38600897789,0.334,0.452,0.048,0.15,0.016,Camera
/home/lmy/iot-device-classification/dataset/camera/round6_jitter/camera_r6.pcapng,R6,283,2830.8274114131927,0.012,0.782,0.094,0.112,0.0,Camera
/home/lmy/iot-device-classification/dataset/camera/round6_jitter/camera_r6.pcapng,R6,284,2841.187423467636,0.348,0.534,0.032,0.082,0.004,Camera
/home/lmy/iot-device-classification/dataset/camera/round6_jitter/camera_r6.pcapng,R6,285,2852.223437309265,0.314,0.576,0.026,0.08,0.004,Camera
/home/lmy/iot-device-classification/dataset/camera/round6_jitter/camera_r6.pcapng,R6,286,2861.530005693436,0.126,0.628,0.066,0.162,0.018,Camera
/home/lmy/iot-device-classification/dataset/camera/round6_jitter/camera_r6.pcapng,R6,287,2871.1594178676605,0.036,0.718,0.106,0.14,0.0,Camera
/home/lmy/iot-device-classification/dataset/camera/round6_jitter/camera_r6.pcapng,R6,288,2880.062063932419,0.34,0.54,0.03,0.086,0.004,Camera
/home/lmy/iot-device-classification/dataset/camera/round6_jitter/camera_r6.pcapng,R6,289,2891.534726858139,0.23,0.564,0.046,0.146,0.014,Camera
/home/lmy/iot-device-classification/dataset/camera/round6_jitter/camera_r6.pcapng,R6,290,2901.5097393989563,0.262,0.508,0.05,0.176,0.004,Camera
/home/lmy/iot-device-classification/dataset/camera/round6_jitter/camera_r6.pcapng,R6,291,2912.285255432129,0.256,0.516,0.024,0.2,0.004,Camera
/home/lmy/iot-device-classification/dataset/camera/round6_jitter/camera_r6.pcapng,R6,292,2921.2031574249268,0.072,0.576,0.07,0.254,0.028,Camera
/home/lmy/iot-device-classification/dataset/camera/round6_jitter/camera_r6.pcapng,R6,293,2931.421095609665,0.152,0.448,0.058,0.336,0.006,Camera
/home/lmy/iot-device-classification/dataset/camera/round6_jitter/camera_r6.pcapng,R6,294,2940.4232885837555,0.33,0.53,0.028,0.108,0.004,Camera
/home/lmy/iot-device-classification/dataset/camera/round6_jitter/camera_r6.pcapng,R6,295,2951.6451580524445,0.326,0.568,0.018,0.082,0.006,Camera
/home/lmy/iot-device-classification/dataset/camera/round6_jitter/camera_r6.pcapng,R6,296,2961.1554713249207,0.078,0.874,0.012,0.036,0.0,Camera
/home/lmy/iot-device-classification/dataset/camera/round6_jitter/camera_r6.pcapng,R6,297,2970.608275413513,0.288,0.574,0.022,0.112,0.004,Camera
/home/lmy/iot-device-classification/dataset/camera/round6_jitter/camera_r6.pcapng,R6,298,2980.5536694526672,0.184,0.614,0.034,0.144,0.024,Camera
/home/lmy/iot-device-classification/dataset/camera/round6_jitter/camera_r6.pcapng,R6,299,2992.369298219681,0.368,0.538,0.014,0.076,0.004,Camera
/home/lmy/iot-device-classification/dataset/camera/round6_jitter/camera_r6.pcapng,R6,300,3001.3643741607666,0.35,0.542,0.026,0.08,0.002,Camera
/home/lmy/iot-device-classification/dataset/camera/round6_jitter/camera_r6.pcapng,R6,301,3011.208260536194,0.132,0.816,0.02,0.032,0.0,Camera
/home/lmy/iot-device-classification/dataset/camera/round6_jitter/camera_r6.pcapng,R6,302,3022.401553630829,0.37,0.508,0.018,0.1,0.004,Camera
/home/lmy/iot-device-classification/dataset/camera/round6_jitter/camera_r6.pcapng,R6,303,3032.412441968918,0.37,0.512,0.024,0.092,0.002,Camera
/home/lmy/iot-device-classification/dataset/camera/round6_jitter/camera_r6.pcapng,R6,304,3040.145637512207,0.112,0.582,0.09,0.19,0.026,Camera
/home/lmy/iot-device-classification/dataset/camera/round6_jitter/camera_r6.pcapng,R6,305,3051.1619560718536,0.346,0.512,0.034,0.106,0.002,Camera
/home/lmy/iot-device-classification/dataset/camera/round6_jitter/camera_r6.pcapng,R6,306,3061.677177429199,0.366,0.516,0.016,0.098,0.004,Camera
/home/lmy/iot-device-classification/dataset/camera/round6_jitter/camera_r6.pcapng,R6,307,3071.299455881119,0.22,0.576,0.052,0.134,0.018,Camera
/home/lmy/iot-device-classification/dataset/camera/round6_jitter/camera_r6.pcapng,R6,308,3082.464773416519,0.334,0.536,0.034,0.09,0.006,Camera
/home/lmy/iot-device-classification/dataset/camera/round6_jitter/camera_r6.pcapng,R6,309,3092.479085445404,0.38,0.516,0.018,0.082,0.004,Camera
/home/lmy/iot-device-classification/dataset/camera/round6_jitter/camera_r6.pcapng,R6,310,3101.2127952575684,0.142,0.618,0.072,0.152,0.016,Camera
/home/lmy/iot-device-classification/dataset/camera/round6_jitter/camera_r6.pcapng,R6,311,3111.6004321575165,0.31,0.438,0.06,0.178,0.014,Camera
/home/lmy/iot-device-classification/dataset/camera/round6_jitter/camera_r6.pcapng,R6,312,3122.506649017334,0.332,0.546,0.024,0.096,0.002,Camera
/home/lmy/iot-device-classification/dataset/camera/round6_jitter/camera_r6.pcapng,R6,313,3131.80271434784,0.224,0.592,0.054,0.116,0.014,Camera
/home/lmy/iot-device-classification/dataset/camera/round6_jitter/camera_r6.pcapng,R6,314,3140.8235025405884,0.072,0.812,0.046,0.07,0.0,Camera
/home/lmy/iot-device-classification/dataset/camera/round6_jitter/camera_r6.pcapng,R6,315,3151.716219186783,0.394,0.496,0.014,0.094,0.002,Camera
/home/lmy/iot-device-classification/dataset/camera/round6_jitter/camera_r6.pcapng,R6,316,3162.549680709839,0.278,0.606,0.006,0.104,0.006,Camera
/home/lmy/iot-device-classification/dataset/camera/round6_jitter/camera_r6.pcapng,R6,317,3172.561816215515,0.28,0.494,0.03,0.192,0.004,Camera
/home/lmy/iot-device-classification/dataset/camera/round6_jitter/camera_r6.pcapng,R6,318,3180.959736585617,0.348,0.532,0.022,0.096,0.002,Camera
/home/lmy/iot-device-classification/dataset/camera/round6_jitter/camera_r6.pcapng,R6,319,3191.2172362804413,0.14,0.574,0.096,0.172,0.018,Camera
/home/lmy/iot-device-classification/dataset/camera/round6_jitter/camera_r6.pcapng,R6,320,3202.596365690232,0.064,0.444,0.05,0.438,0.004,Camera
/home/lmy/iot-device-classification/dataset/camera/round6_jitter/camera_r6.pcapng,R6,321,3212.69535779953,0.342,0.548,0.018,0.09,0.002,Camera
/home/lmy/iot-device-classification/dataset/camera/round6_jitter/camera_r6.pcapng,R6,322,3221.2432658672333,0.228,0.606,0.026,0.132,0.008,Camera
/home/lmy/iot-device-classification/dataset/camera/round6_jitter/camera_r6.pcapng,R6,323,3231.1598176956177,0.34,0.552,0.034,0.072,0.002,Camera
/home/lmy/iot-device-classification/dataset/camera/round6_jitter/camera_r6.pcapng,R6,324,3240.325296163559,0.378,0.488,0.02,0.11,0.004,Camera
/home/lmy/iot-device-classification/dataset/camera/round6_jitter/camera_r6.pcapng,R6,325,3252.6451218128204,0.344,0.542,0.024,0.088,0.002,Camera
/home/lmy/iot-device-classification/dataset/camera/round6_jitter/camera_r6.pcapng,R6,326,3262.660769701004,0.328,0.544,0.032,0.094,0.002,Camera
/home/lmy/iot-device-classification/dataset/camera/round6_jitter/camera_r6.pcapng,R6,327,3272.666561603546,0.29,0.392,0.016,0.296,0.006,Camera
/home/lmy/iot-device-classification/dataset/camera/round6_jitter/camera_r6.pcapng,R6,328,3281.223256111145,0.182,0.622,0.058,0.122,0.016,Camera
/home/lmy/iot-device-classification/dataset/camera/round6_jitter/camera_r6.pcapng,R6,329,3290.293855905533,0.288,0.518,0.022,0.168,0.004,Camera
/home/lmy/iot-device-classification/dataset/camera/round6_jitter/camera_r6.pcapng,R6,330,3300.696224689484,0.138,0.36,0.102,0.374,0.026,Camera
/home/lmy/iot-device-classification/dataset/camera/round6_jitter/camera_r6.pcapng,R6,331,3311.293633699417,0.148,0.43,0.11,0.264,0.048,Camera
/home/lmy/iot-device-classification/dataset/camera/round6_jitter/camera_r6.pcapng,R6,332,3321.1752393245697,0.032,0.872,0.032,0.062,0.002,Camera
/home/lmy/iot-device-classification/dataset/camera/round6_jitter/camera_r6.pcapng,R6,333,3331.9481525421143,0.232,0.568,0.034,0.16,0.006,Camera
/home/lmy/iot-device-classification/dataset/camera/round6_jitter/camera_r6.pcapng,R6,334,3341.977619409561,0.16,0.55,0.05,0.216,0.024,Camera
/home/lmy/iot-device-classification/dataset/camera/round6_jitter/camera_r6.pcapng,R6,335,3352.008556365967,0.316,0.55,0.024,0.106,0.004,Camera
/home/lmy/iot-device-classification/dataset/camera/round6_jitter/camera_r6.pcapng,R6,336,3362.762246131897,0.35,0.538,0.02,0.09,0.002,Camera
/home/lmy/iot-device-classification/dataset/camera/round6_jitter/camera_r6.pcapng,R6,337,3370.3851146698,0.134,0.818,0.012,0.036,0.0,Camera
/home/lmy/iot-device-classification/dataset/camera/round6_jitter/camera_r6.pcapng,R6,338,3382.7825610637665,0.258,0.6,0.022,0.116,0.004,Camera
/home/lmy/iot-device-classification/dataset/camera/round6_jitter/camera_r6.pcapng,R6,339,3392.793566942215,0.292,0.38,0.026,0.294,0.008,Camera
/home/lmy/iot-device-classification/dataset/camera/round6_jitter/camera_r6.pcapng,R6,340,3402.315612316132,0.094,0.578,0.05,0.252,0.026,Camera
/home/lmy/iot-device-classification/dataset/camera/round6_jitter/camera_r6.pcapng,R6,341,3410.391483068466,0.372,0.534,0.016,0.076,0.002,Camera
/home/lmy/iot-device-classification/dataset/camera/round6_jitter/camera_r6.pcapng,R6,342,3422.8246445655823,0.22,0.564,0.046,0.162,0.008,Camera
/home/lmy/iot-device-classification/dataset/camera/round6_jitter/camera_r6.pcapng,R6,343,3432.835129737854,0.33,0.56,0.014,0.092,0.004,Camera
/home/lmy/iot-device-classification/dataset/camera/round6_jitter/camera_r6.pcapng,R6,344,3442.8455579280853,0.342,0.534,0.02,0.102,0.002,Camera
/home/lmy/iot-device-classification/dataset/camera/round6_jitter/camera_r6.pcapng,R6,345,3450.658582687378,0.27,0.58,0.028,0.12,0.002,Camera
/home/lmy/iot-device-classification/dataset/camera/round6_jitter/camera_r6.pcapng,R6,346,3461.23356294632,0.306,0.59,0.012,0.088,0.004,Camera
/home/lmy/iot-device-classification/dataset/camera/round6_jitter/camera_r6.pcapng,R6,347,3471.774770259857,0.306,0.564,0.032,0.096,0.002,Camera
/home/lmy/iot-device-classification/dataset/camera/round6_jitter/camera_r6.pcapng,R6,348,3480.5355598926544,0.308,0.518,0.022,0.148,0.004,Camera
/home/lmy/iot-device-classification/dataset/camera/round6_jitter/camera_r6.pcapng,R6,349,3490.183657646179,0.28,0.554,0.036,0.126,0.004,Camera
/home/lmy/iot-device-classification/dataset/camera/round6_jitter/camera_r6.pcapng,R6,350,3501.19686460495,0.358,0.532,0.012,0.096,0.002,Camera
/home/lmy/iot-device-classification/dataset/camera/round6_jitter/camera_r6.pcapng,R6,351,3512.9195625782013,0.264,0.564,0.04,0.13,0.002,Camera
/home/lmy/iot-device-classification/dataset/camera/round6_jitter/camera_r6.pcapng,R6,352,3522.9329466819763,0.1,0.626,0.038,0.228,0.008,Camera
/home/lmy/iot-device-classification/dataset/camera/round6_jitter/camera_r6.pcapng,R6,353,3531.194218635559,0.342,0.56,0.022,0.074,0.002,Camera
/home/lmy/iot-device-classification/dataset/camera/round6_jitter/camera_r6.pcapng,R6,354,3542.9519255161285,0.332,0.546,0.014,0.104,0.004,Camera
/home/lmy/iot-device-classification/dataset/camera/round6_jitter/camera_r6.pcapng,R6,355,3551.2385046482086,0.012,0.704,0.074,0.188,0.022,Camera
/home/lmy/iot-device-classification/dataset/camera/round6_jitter/camera_r6.pcapng,R6,356,3562.972886323929,0.254,0.554,0.026,0.162,0.004,Camera
/home/lmy/iot-device-classification/dataset/camera/round6_jitter/camera_r6.pcapng,R6,357,3572.9833900928497,0.302,0.582,0.036,0.078,0.002,Camera
/home/lmy/iot-device-classification/dataset/camera/round6_jitter/camera_r6.pcapng,R6,358,3581.705691099167,0.322,0.57,0.016,0.086,0.006,Camera
/home/lmy/iot-device-classification/dataset/camera/round6_jitter/camera_r6.pcapng,R6,359,3590.495233774185,0.334,0.54,0.036,0.086,0.004,Camera
/home/lmy/iot-device-classification/dataset/camera/round6_jitter/camera_r6.pcapng,R6,360,3602.6290669441223,0.324,0.554,0.028,0.092,0.002,Camera
/home/lmy/iot-device-classification/dataset/camera/round6_jitter/camera_r6.pcapng,R6,361,3610.8301770687103,0.312,0.57,0.02,0.092,0.006,Camera
/home/lmy/iot-device-classification/dataset/camera/round6_jitter/camera_r6.pcapng,R6,362,3623.036551475525,0.332,0.54,0.036,0.09,0.002,Camera
/home/lmy/iot-device-classification/dataset/camera/round6_jitter/camera_r6.pcapng,R6,363,3633.0466532707214,0.368,0.528,0.018,0.084,0.002,Camera
/home/lmy/iot-device-classification/dataset/camera/round6_jitter/camera_r6.pcapng,R6,364,3641.242310523987,0.086,0.614,0.08,0.208,0.012,Camera
/home/lmy/iot-device-classification/dataset/camera/round6_jitter/camera_r6.pcapng,R6,365,3653.067563295365,0.334,0.556,0.016,0.092,0.002,Camera
/home/lmy/iot-device-classification/dataset/camera/round6_jitter/camera_r6.pcapng,R6,366,3663.078664779663,0.218,0.372,0.11,0.278,0.022,Camera
/home/lmy/iot-device-classification/dataset/camera/round6_jitter/camera_r6.pcapng,R6,367,3671.015345335007,0.172,0.56,0.068,0.184,0.016,Camera
/home/lmy/iot-device-classification/dataset/camera/round6_jitter/camera_r6.pcapng,R6,368,3680.074513196945,0.384,0.506,0.02,0.086,0.004,Camera
/home/lmy/iot-device-classification/dataset/camera/round6_jitter/camera_r6.pcapng,R6,369,3692.984831094742,0.338,0.524,0.042,0.092,0.004,Camera
/home/lmy/iot-device-classification/dataset/camera/round6_jitter/camera_r6.pcapng,R6,370,3703.121144533157,0.286,0.61,0.008,0.09,0.006,Camera
/home/lmy/iot-device-classification/dataset/camera/round6_jitter/camera_r6.pcapng,R6,371,3713.133065700531,0.346,0.526,0.008,0.116,0.004,Camera
/home/lmy/iot-device-classification/dataset/camera/round6_jitter/camera_r6.pcapng,R6,372,3723.14265871048,0.322,0.552,0.034,0.09,0.002,Camera
/home/lmy/iot-device-classification/dataset/camera/round6_jitter/camera_r6.pcapng,R6,373,3731.248243331909,0.02,0.768,0.078,0.134,0.0,Camera
/home/lmy/iot-device-classification/dataset/camera/round6_jitter/camera_r6.pcapng,R6,374,3740.468287467957,0.386,0.526,0.014,0.07,0.004,Camera
/home/lmy/iot-device-classification/dataset/camera/round6_jitter/camera_r6.pcapng,R6,375,3750.198014736176,0.22,0.562,0.05,0.16,0.008,Camera
/home/lmy/iot-device-classification/dataset/camera/round6_jitter/camera_r6.pcapng,R6,376,3762.676377058029,0.094,0.588,0.09,0.206,0.022,Camera
/home/lmy/iot-device-classification/dataset/camera/round6_jitter/camera_r6.pcapng,R6,377,3770.5852205753326,0.326,0.46,0.026,0.184,0.004,Camera
/home/lmy/iot-device-classification/dataset/camera/round6_jitter/camera_r6.pcapng,R6,378,3780.211594104767,0.338,0.53,0.03,0.1,0.002,Camera
/home/lmy/iot-device-classification/dataset/camera/round6_jitter/camera_r6.pcapng,R6,379,3793.2172815799713,0.168,0.554,0.066,0.196,0.016,Camera
/home/lmy/iot-device-classification/dataset/camera/round6_jitter/camera_r6.pcapng,R6,380,3800.901158809662,0.226,0.466,0.066,0.236,0.006,Camera
/home/lmy/iot-device-classification/dataset/camera/round6_jitter/camera_r6.pcapng,R6,381,3812.600911378861,0.142,0.408,0.098,0.32,0.032,Camera
/home/lmy/iot-device-classification/dataset/camera/round6_jitter/camera_r6.pcapng,R6,382,3821.255570173264,0.046,0.704,0.068,0.16,0.022,Camera
/home/lmy/iot-device-classification/dataset/camera/round6_jitter/camera_r6.pcapng,R6,383,3833.260169029236,0.142,0.534,0.084,0.236,0.004,Camera
/home/lmy/iot-device-classification/dataset/camera/round6_jitter/camera_r6.pcapng,R6,384,3840.0429112911215,0.188,0.63,0.056,0.122,0.004,Camera
/home/lmy/iot-device-classification/dataset/camera/round6_jitter/camera_r6.pcapng,R6,385,3853.2797622680655,0.136,0.568,0.08,0.194,0.022,Camera
/home/lmy/iot-device-classification/dataset/camera/round6_jitter/camera_r6.pcapng,R6,386,3861.206148147583,0.274,0.54,0.036,0.148,0.002,Camera
/home/lmy/iot-device-classification/dataset/camera/round6_jitter/camera_r6.pcapng,R6,387,3872.926537513733,0.15,0.378,0.082,0.34,0.05,Camera
/home/lmy/iot-device-classification/dataset/camera/round6_jitter/camera_r6.pcapng,R6,388,3881.2564771175385,0.058,0.712,0.07,0.15,0.01,Camera
/home/lmy/iot-device-classification/dataset/camera/round6_jitter/camera_r6.pcapng,R6,389,3893.3247158527374,0.252,0.484,0.036,0.224,0.004,Camera
/home/lmy/iot-device-classification/dataset/camera/round6_jitter/camera_r6.pcapng,R6,390,3900.407692193985,0.322,0.554,0.024,0.098,0.002,Camera
/home/lmy/iot-device-classification/dataset/camera/round6_jitter/camera_r6.pcapng,R6,391,3912.433580160141,0.302,0.56,0.03,0.104,0.004,Camera
/home/lmy/iot-device-classification/dataset/camera/round6_jitter/camera_r6.pcapng,R6,392,3921.727575540543,0.364,0.518,0.022,0.09,0.006,Camera
/home/lmy/iot-device-classification/dataset/camera/round6_jitter/camera_r6.pcapng,R6,393,3933.3654720783234,0.346,0.528,0.03,0.094,0.002,Camera
/home/lmy/iot-device-classification/dataset/camera/round6_jitter/camera_r6.pcapng,R6,394,3940.0475170612335,0.234,0.634,0.006,0.122,0.004,Camera
/home/lmy/iot-device-classification/dataset/camera/round6_jitter/camera_r6.pcapng,R6,395,3951.199758291245,0.068,0.858,0.028,0.046,0.0,Camera
/home/lmy/iot-device-classification/dataset/camera/round6_jitter/camera_r6.pcapng,R6,396,3960.802630186081,0.318,0.558,0.018,0.102,0.004,Camera
/home/lmy/iot-device-classification/dataset/camera/round6_jitter/camera_r6.pcapng,R6,397,3973.4064226150513,0.252,0.556,0.03,0.156,0.006,Camera
/home/lmy/iot-device-classification/dataset/camera/round6_jitter/camera_r6.pcapng,R6,398,3980.0719406604767,0.354,0.408,0.012,0.224,0.002,Camera
/home/lmy/iot-device-classification/dataset/light_T1/round6_jitter/light_T1_r6.pcapng,R6,0,0.0,0.006,0.674,0.166,0.154,0.0,Light_T1
/home/lmy/iot-device-classification/dataset/light_T1/round6_jitter/light_T1_r6.pcapng,R6,1,10.01024580001831,0.094,0.772,0.028,0.098,0.008,Light_T1
/home/lmy/iot-device-classification/dataset/light_T1/round6_jitter/light_T1_r6.pcapng,R6,2,20.00690984725952,0.056,0.622,0.086,0.232,0.004,Light_T1
/home/lmy/iot-device-classification/dataset/light_T1/round6_jitter/light_T1_r6.pcapng,R6,3,30.030040979385376,0.026,0.504,0.076,0.392,0.002,Light_T1
/home/lmy/iot-device-classification/dataset/light_T1/round6_jitter/light_T1_r6.pcapng,R6,4,40.04015278816223,0.002,0.834,0.052,0.112,0.0,Light_T1
/home/lmy/iot-device-classification/dataset/light_T1/round6_jitter/light_T1_r6.pcapng,R6,5,50.05129384994507,0.002,0.692,0.152,0.154,0.0,Light_T1
/home/lmy/iot-device-classification/dataset/light_T1/round6_jitter/light_T1_r6.pcapng,R6,6,60.06006336212158,0.068,0.58,0.014,0.332,0.006,Light_T1
/home/lmy/iot-device-classification/dataset/light_T1/round6_jitter/light_T1_r6.pcapng,R6,7,70.06992030143738,0.0,0.836,0.064,0.1,0.0,Light_T1
/home/lmy/iot-device-classification/dataset/light_T1/round6_jitter/light_T1_r6.pcapng,R6,8,80.08063101768494,0.018,0.69,0.198,0.092,0.002,Light_T1
/home/lmy/iot-device-classification/dataset/light_T1/round6_jitter/light_T1_r6.pcapng,R6,9,90.09067678451538,0.17,0.592,0.092,0.144,0.002,Light_T1
/home/lmy/iot-device-classification/dataset/light_T1/round6_jitter/light_T1_r6.pcapng,R6,10,100.10053706169128,0.0,0.864,0.056,0.078,0.002,Light_T1
/home/lmy/iot-device-classification/dataset/light_T1/round6_jitter/light_T1_r6.pcapng,R6,11,110.11064958572388,0.082,0.654,0.116,0.148,0.0,Light_T1
/home/lmy/iot-device-classification/dataset/light_T1/round6_jitter/light_T1_r6.pcapng,R6,12,120.120778799057,0.038,0.628,0.012,0.308,0.014,Light_T1
/home/lmy/iot-device-classification/dataset/light_T1/round6_jitter/light_T1_r6.pcapng,R6,13,130.14821076393127,0.002,0.818,0.036,0.144,0.0,Light_T1
/home/lmy/iot-device-classification/dataset/light_T1/round6_jitter/light_T1_r6.pcapng,R6,14,140.14214658737183,0.006,0.69,0.15,0.154,0.0,Light_T1
/home/lmy/iot-device-classification/dataset/light_T1/round6_jitter/light_T1_r6.pcapng,R6,15,150.15082383155823,0.038,0.758,0.062,0.14,0.002,Light_T1
/home/lmy/iot-device-classification/dataset/light_T1/round6_jitter/light_T1_r6.pcapng,R6,16,160.16214156150818,0.032,0.708,0.052,0.204,0.004,Light_T1
/home/lmy/iot-device-classification/dataset/light_T1/round6_jitter/light_T1_r6.pcapng,R6,17,170.1764326095581,0.004,0.78,0.06,0.156,0.0,Light_T1
/home/lmy/iot-device-classification/dataset/light_T1/round6_jitter/light_T1_r6.pcapng,R6,18,180.1822853088379,0.022,0.626,0.27,0.08,0.002,Light_T1
/home/lmy/iot-device-classification/dataset/light_T1/round6_jitter/light_T1_r6.pcapng,R6,19,190.1908795833588,0.004,0.808,0.08,0.108,0.0,Light_T1
/home/lmy/iot-device-classification/dataset/light_T1/round6_jitter/light_T1_r6.pcapng,R6,20,200.20116996765137,0.0,0.736,0.112,0.152,0.0,Light_T1
/home/lmy/iot-device-classification/dataset/light_T1/round6_jitter/light_T1_r6.pcapng,R6,21,210.2107102870941,0.0,0.682,0.086,0.232,0.0,Light_T1
/home/lmy/iot-device-classification/dataset/light_T1/round6_jitter/light_T1_r6.pcapng,R6,22,220.23280453681943,0.004,0.814,0.026,0.156,0.0,Light_T1
/home/lmy/iot-device-classification/dataset/light_T1/round6_jitter/light_T1_r6.pcapng,R6,23,230.231639623642,0.038,0.746,0.09,0.124,0.002,Light_T1
/home/lmy/iot-device-classification/dataset/light_T1/round6_jitter/light_T1_r6.pcapng,R6,24,240.24344873428345,0.22,0.596,0.04,0.144,0.0,Light_T1
/home/lmy/iot-device-classification/dataset/light_T1/round6_jitter/light_T1_r6.pcapng,R6,25,250.25132274627688,0.002,0.808,0.022,0.168,0.0,Light_T1
/home/lmy/iot-device-classification/dataset/light_T1/round6_jitter/light_T1_r6.pcapng,R6,26,260.265331029892,0.002,0.652,0.136,0.21,0.0,Light_T1
/home/lmy/iot-device-classification/dataset/light_T1/round6_jitter/light_T1_r6.pcapng,R6,27,270.2713890075684,0.034,0.632,0.044,0.278,0.012,Light_T1
/home/lmy/iot-device-classification/dataset/light_T1/round6_jitter/light_T1_r6.pcapng,R6,28,280.2845139503479,0.124,0.712,0.036,0.114,0.014,Light_T1
/home/lmy/iot-device-classification/dataset/light_T1/round6_jitter/light_T1_r6.pcapng,R6,29,290.3708610534668,0.008,0.884,0.072,0.036,0.0,Light_T1
/home/lmy/iot-device-classification/dataset/light_T1/round6_jitter/light_T1_r6.pcapng,R6,30,300.3007102012634,0.006,0.748,0.084,0.162,0.0,Light_T1
/home/lmy/iot-device-classification/dataset/light_T1/round6_jitter/light_T1_r6.pcapng,R6,31,310.31124114990234,0.106,0.776,0.016,0.094,0.008,Light_T1
/home/lmy/iot-device-classification/dataset/light_T1/round6_jitter/light_T1_r6.pcapng,R6,32,320.3206729888916,0.216,0.54,0.056,0.186,0.002,Light_T1
/home/lmy/iot-device-classification/dataset/light_T1/round6_jitter/light_T1_r6.pcapng,R6,33,330.03433871269226,0.004,0.73,0.062,0.202,0.002,Light_T1
/home/lmy/iot-device-classification/dataset/light_T1/round6_jitter/light_T1_r6.pcapng,R6,34,340.3454256057739,0.054,0.68,0.018,0.244,0.004,Light_T1
/home/lmy/iot-device-classification/dataset/light_T1/round6_jitter/light_T1_r6.pcapng,R6,35,350.3549258708954,0.026,0.738,0.106,0.13,0.0,Light_T1
/home/lmy/iot-device-classification/dataset/light_T1/round6_jitter/light_T1_r6.pcapng,R6,36,360.36134338378906,0.014,0.8,0.074,0.112,0.0,Light_T1
/home/lmy/iot-device-classification/dataset/light_T1/round6_jitter/light_T1_r6.pcapng,R6,37,370.372031211853,0.004,0.958,0.008,0.028,0.002,Light_T1
/home/lmy/iot-device-classification/dataset/light_T1/round6_jitter/light_T1_r6.pcapng,R6,38,380.38119864463806,0.012,0.726,0.192,0.068,0.002,Light_T1
/home/lmy/iot-device-classification/dataset/light_T1/round6_jitter/light_T1_r6.pcapng,R6,39,390.3935034275055,0.008,0.74,0.13,0.122,0.0,Light_T1
/home/lmy/iot-device-classification/dataset/light_T1/round6_jitter/light_T1_r6.pcapng,R6,40,400.3472673892975,0.002,0.814,0.05,0.134,0.0,Light_T1
/home/lmy/iot-device-classification/dataset/light_T1/round6_jitter/light_T1_r6.pcapng,R6,41,410.41234278678894,0.09,0.58,0.064,0.246,0.02,Light_T1
/home/lmy/iot-device-classification/dataset/light_T1/round6_jitter/light_T1_r6.pcapng,R6,42,420.4219570159912,0.028,0.818,0.036,0.116,0.002,Light_T1
/home/lmy/iot-device-classification/dataset/light_T1/round6_jitter/light_T1_r6.pcapng,R6,43,430.43146872520447,0.0,0.844,0.066,0.09,0.0,Light_T1
/home/lmy/iot-device-classification/dataset/light_T1/round6_jitter/light_T1_r6.pcapng,R6,44,440.4432470798493,0.006,0.79,0.1,0.104,0.0,Light_T1
/home/lmy/iot-device-classification/dataset/light_T1/round6_jitter/light_T1_r6.pcapng,R6,45,450.4521541595459,0.0,0.704,0.124,0.172,0.0,Light_T1
/home/lmy/iot-device-classification/dataset/light_T1/round6_jitter/light_T1_r6.pcapng,R6,46,460.4636187553406,0.122,0.666,0.024,0.178,0.01,Light_T1
/home/lmy/iot-device-classification/dataset/light_T1/round6_jitter/light_T1_r6.pcapng,R6,47,470.4717130661011,0.018,0.764,0.09,0.128,0.0,Light_T1
/home/lmy/iot-device-classification/dataset/light_T1/round6_jitter/light_T1_r6.pcapng,R6,48,480.0232703685761,0.084,0.682,0.054,0.17,0.01,Light_T1
/home/lmy/iot-device-classification/dataset/light_T1/round6_jitter/light_T1_r6.pcapng,R6,49,490.493766784668,0.028,0.754,0.012,0.202,0.004,Light_T1
/home/lmy/iot-device-classification/dataset/light_T1/round6_jitter/light_T1_r6.pcapng,R6,50,500.5018815994263,0.014,0.592,0.172,0.222,0.0,Light_T1
/home/lmy/iot-device-classification/dataset/light_T1/round6_jitter/light_T1_r6.pcapng,R6,51,510.51251888275146,0.0,0.824,0.068,0.108,0.0,Light_T1
/home/lmy/iot-device-classification/dataset/light_T1/round6_jitter/light_T1_r6.pcapng,R6,52,520.5220801830292,0.026,0.696,0.032,0.242,0.004,Light_T1
/home/lmy/iot-device-classification/dataset/light_T1/round6_jitter/light_T1_r6.pcapng,R6,53,530.5318121910095,0.0,0.68,0.142,0.178,0.0,Light_T1
/home/lmy/iot-device-classification/dataset/light_T1/round6_jitter/light_T1_r6.pcapng,R6,54,540.5424957275391,0.026,0.704,0.19,0.078,0.002,Light_T1
/home/lmy/iot-device-classification/dataset/light_T1/round6_jitter/light_T1_r6.pcapng,R6,55,550.4649620056152,0.12,0.726,0.046,0.102,0.006,Light_T1
/home/lmy/iot-device-classification/dataset/light_T1/round6_jitter/light_T1_r6.pcapng,R6,56,560.5639498233795,0.01,0.79,0.074,0.126,0.0,Light_T1
/home/lmy/iot-device-classification/dataset/light_T1/round6_jitter/light_T1_r6.pcapng,R6,57,570.5718750953674,0.01,0.66,0.232,0.096,0.002,Light_T1
/home/lmy/iot-device-classification/dataset/light_T1/round6_jitter/light_T1_r6.pcapng,R6,58,580.5825657844543,0.028,0.642,0.008,0.314,0.008,Light_T1
/home/lmy/iot-device-classification/dataset/light_T1/round6_jitter/light_T1_r6.pcapng,R6,59,590.592538356781,0.038,0.758,0.096,0.108,0.0,Light_T1
/home/lmy/iot-device-classification/dataset/light_T1/round6_jitter/light_T1_r6.pcapng,R6,60,600.5301837921143,0.01,0.774,0.072,0.142,0.002,Light_T1
/home/lmy/iot-device-classification/dataset/light_T1/round6_jitter/light_T1_r6.pcapng,R6,61,610.6118948459625,0.004,0.83,0.042,0.124,0.0,Light_T1
/home/lmy/iot-device-classification/dataset/light_T1/round6_jitter/light_T1_r6.pcapng,R6,62,620.623165845871,0.0,0.81,0.084,0.106,0.0,Light_T1
/home/lmy/iot-device-classification/dataset/light_T1/round6_jitter/light_T1_r6.pcapng,R6,63,630.6319072246552,0.034,0.584,0.158,0.222,0.002,Light_T1
/home/lmy/iot-device-classification/dataset/light_T1/round6_jitter/light_T1_r6.pcapng,R6,64,640.4628419876099,0.096,0.652,0.036,0.21,0.006,Light_T1
/home/lmy/iot-device-classification/dataset/light_T1/round6_jitter/light_T1_r6.pcapng,R6,65,650.6519546508789,0.038,0.518,0.048,0.39,0.006,Light_T1
/home/lmy/iot-device-classification/dataset/light_T1/round6_jitter/light_T1_r6.pcapng,R6,66,660.6628034114838,0.018,0.638,0.194,0.148,0.002,Light_T1
/home/lmy/iot-device-classification/dataset/light_T1/round6_jitter/light_T1_r6.pcapng,R6,67,670.4632058143616,0.098,0.774,0.018,0.104,0.006,Light_T1
/home/lmy/iot-device-classification/dataset/light_T1/round6_jitter/light_T1_r6.pcapng,R6,68,680.6823208332062,0.006,0.786,0.088,0.12,0.0,Light_T1
/home/lmy/iot-device-classification/dataset/light_T1/round6_jitter/light_T1_r6.pcapng,R6,69,690.692408323288,0.072,0.582,0.104,0.24,0.002,Light_T1
/home/lmy/iot-device-classification/dataset/light_T1/round6_jitter/light_T1_r6.pcapng,R6,70,700.7023062705994,0.014,0.678,0.012,0.292,0.004,Light_T1
/home/lmy/iot-device-classification/dataset/light_T1/round6_jitter/light_T1_r6.pcapng,R6,71,710.712837934494,0.062,0.416,0.034,0.484,0.004,Light_T1
/home/lmy/iot-device-classification/dataset/light_T1/round6_jitter/light_T1_r6.pcapng,R6,72,720.722202539444,0.004,0.676,0.122,0.198,0.0,Light_T1
/home/lmy/iot-device-classification/dataset/light_T1/round6_jitter/light_T1_r6.pcapng,R6,73,730.4670250415802,0.154,0.696,0.028,0.112,0.01,Light_T1
/home/lmy/iot-device-classification/dataset/light_T1/round6_jitter/light_T1_r6.pcapng,R6,74,740.7433030605316,0.022,0.644,0.212,0.12,0.002,Light_T1
/home/lmy/iot-device-classification/dataset/light_T1/round6_jitter/light_T1_r6.pcapng,R6,75,750.7525269985199,0.054,0.508,0.078,0.358,0.002,Light_T1
/home/lmy/iot-device-classification/dataset/light_T1/round6_jitter/light_T1_r6.pcapng,R6,76,760.7691414356232,0.018,0.71,0.01,0.258,0.004,Light_T1
/home/lmy/iot-device-classification/dataset/light_T1/round6_jitter/light_T1_r6.pcapng,R6,77,770.7730100154877,0.164,0.626,0.042,0.166,0.002,Light_T1
/home/lmy/iot-device-classification/dataset/light_T1/round6_jitter/light_T1_r6.pcapng,R6,78,780.2312915325165,0.01,0.748,0.06,0.18,0.002,Light_T1
/home/lmy/iot-device-classification/dataset/light_T1/round6_jitter/light_T1_r6.pcapng,R6,79,790.3694703578949,0.196,0.66,0.018,0.118,0.008,Light_T1
/home/lmy/iot-device-classification/dataset/light_T1/round6_jitter/light_T1_r6.pcapng,R6,80,800.8039019107819,0.004,0.822,0.004,0.17,0.0,Light_T1
/home/lmy/iot-device-classification/dataset/light_T1/round6_jitter/light_T1_r6.pcapng,R6,81,810.8144636154175,0.03,0.502,0.026,0.434,0.008,Light_T1
/home/lmy/iot-device-classification/dataset/light_T1/round6_jitter/light_T1_r6.pcapng,R6,82,820.4509086608887,0.006,0.88,0.038,0.076,0.0,Light_T1
/home/lmy/iot-device-classification/dataset/light_T1/round6_jitter/light_T1_r6.pcapng,R6,83,830.8366875648499,0.0,0.736,0.082,0.182,0.0,Light_T1
/home/lmy/iot-device-classification/dataset/light_T1/round6_jitter/light_T1_r6.pcapng,R6,84,840.8445847034454,0.08,0.504,0.122,0.288,0.006,Light_T1
/home/lmy/iot-device-classification/dataset/light_T1/round6_jitter/light_T1_r6.pcapng,R6,85,850.8532710075378,0.0,0.852,0.06,0.088,0.0,Light_T1
/home/lmy/iot-device-classification/dataset/light_T1/round6_jitter/light_T1_r6.pcapng,R6,86,860.8630666732788,0.008,0.614,0.008,0.368,0.002,Light_T1
/home/lmy/iot-device-classification/dataset/light_T1/round6_jitter/light_T1_r6.pcapng,R6,87,870.5296039581299,0.02,0.556,0.03,0.392,0.002,Light_T1
/home/lmy/iot-device-classification/dataset/light_T1/round6_jitter/light_T1_r6.pcapng,R6,88,880.8836078643799,0.044,0.708,0.014,0.23,0.004,Light_T1
/home/lmy/iot-device-classification/dataset/light_T1/round6_jitter/light_T1_r6.pcapng,R6,89,890.8940136432648,0.076,0.572,0.092,0.258,0.002,Light_T1
/home/lmy/iot-device-classification/dataset/light_T1/round6_jitter/light_T1_r6.pcapng,R6,90,900.9031248092653,0.012,0.772,0.09,0.126,0.0,Light_T1
/home/lmy/iot-device-classification/dataset/light_T1/round6_jitter/light_T1_r6.pcapng,R6,91,910.3612763881684,0.002,0.816,0.078,0.104,0.0,Light_T1
/home/lmy/iot-device-classification/dataset/light_T1/round6_jitter/light_T1_r6.pcapng,R6,92,920.9240176677704,0.006,0.778,0.114,0.102,0.0,Light_T1
/home/lmy/iot-device-classification/dataset/light_T1/round6_jitter/light_T1_r6.pcapng,R6,93,930.5802400112152,0.004,0.79,0.114,0.09,0.002,Light_T1
/home/lmy/iot-device-classification/dataset/light_T1/round6_jitter/light_T1_r6.pcapng,R6,94,940.9458363056184,0.004,0.86,0.024,0.112,0.0,Light_T1
/home/lmy/iot-device-classification/dataset/light_T1/round6_jitter/light_T1_r6.pcapng,R6,95,950.8268525600432,0.004,0.662,0.112,0.222,0.0,Light_T1
/home/lmy/iot-device-classification/dataset/light_T1/round6_jitter/light_T1_r6.pcapng,R6,96,960.3015644550323,0.014,0.88,0.02,0.084,0.002,Light_T1
/home/lmy/iot-device-classification/dataset/light_T1/round6_jitter/light_T1_r6.pcapng,R6,97,970.7344558238984,0.0,0.846,0.052,0.102,0.0,Light_T1
/home/lmy/iot-device-classification/dataset/light_T1/round6_jitter/light_T1_r6.pcapng,R6,98,980.98317861557,0.052,0.618,0.132,0.192,0.006,Light_T1
/home/lmy/iot-device-classification/dataset/light_T1/round6_jitter/light_T1_r6.pcapng,R6,99,990.9938778877258,0.054,0.61,0.124,0.206,0.006,Light_T1
/home/lmy/iot-device-classification/dataset/light_T1/round6_jitter/light_T1_r6.pcapng,R6,100,1000.4504058361052,0.002,0.832,0.058,0.108,0.0,Light_T1
/home/lmy/iot-device-classification/dataset/light_T1/round6_jitter/light_T1_r6.pcapng,R6,101,1011.014039993286,0.008,0.776,0.096,0.12,0.0,Light_T1
/home/lmy/iot-device-classification/dataset/light_T1/round6_jitter/light_T1_r6.pcapng,R6,102,1021.0260088443756,0.0,0.654,0.114,0.232,0.0,Light_T1
/home/lmy/iot-device-classification/dataset/light_T1/round6_jitter/light_T1_r6.pcapng,R6,103,1030.4608571529388,0.006,0.836,0.054,0.104,0.0,Light_T1
/home/lmy/iot-device-classification/dataset/light_T1/round6_jitter/light_T1_r6.pcapng,R6,104,1041.043518781662,0.004,0.802,0.072,0.122,0.0,Light_T1
/home/lmy/iot-device-classification/dataset/light_T1/round6_jitter/light_T1_r6.pcapng,R6,105,1051.053554058075,0.05,0.448,0.024,0.474,0.004,Light_T1
/home/lmy/iot-device-classification/dataset/light_T1/round6_jitter/light_T1_r6.pcapng,R6,106,1061.064861536026,0.0,0.84,0.044,0.116,0.0,Light_T1
/home/lmy/iot-device-classification/dataset/light_T1/round6_jitter/light_T1_r6.pcapng,R6,107,1071.113377571106,0.004,0.626,0.158,0.21,0.002,Light_T1
/home/lmy/iot-device-classification/dataset/light_T1/round6_jitter/light_T1_r6.pcapng,R6,108,1080.1008796691897,0.004,0.784,0.094,0.118,0.0,Light_T1
/home/lmy/iot-device-classification/dataset/light_T1/round6_jitter/light_T1_r6.pcapng,R6,109,1090.4613890647888,0.0,0.844,0.048,0.108,0.0,Light_T1
/home/lmy/iot-device-classification/dataset/light_T1/round6_jitter/light_T1_r6.pcapng,R6,110,1100.2164652347565,0.036,0.514,0.046,0.398,0.006,Light_T1
/home/lmy/iot-device-classification/dataset/light_T1/round6_jitter/light_T1_r6.pcapng,R6,111,1111.1215589046478,0.002,0.738,0.114,0.146,0.0,Light_T1
/home/lmy/iot-device-classification/dataset/light_T1/round6_jitter/light_T1_r6.pcapng,R6,112,1121.1238791942596,0.002,0.856,0.02,0.122,0.0,Light_T1
/home/lmy/iot-device-classification/dataset/light_T1/round6_jitter/light_T1_r6.pcapng,R6,113,1131.1344618797302,0.008,0.786,0.078,0.126,0.002,Light_T1
/home/lmy/iot-device-classification/dataset/light_T1/round6_jitter/light_T1_r6.pcapng,R6,114,1140.5293717384338,0.032,0.912,0.02,0.036,0.0,Light_T1
/home/lmy/iot-device-classification/dataset/light_T1/round6_jitter/light_T1_r6.pcapng,R6,115,1150.4621467590332,0.006,0.982,0.002,0.01,0.0,Light_T1
/home/lmy/iot-device-classification/dataset/light_T1/round6_jitter/light_T1_r6.pcapng,R6,116,1161.1680262088776,0.012,0.904,0.036,0.048,0.0,Light_T1
/home/lmy/iot-device-classification/dataset/light_T1/round6_jitter/light_T1_r6.pcapng,R6,117,1170.3706691265106,0.02,0.912,0.022,0.046,0.0,Light_T1
/home/lmy/iot-device-classification/dataset/light_T1/round6_jitter/light_T1_r6.pcapng,R6,118,1180.1232323646543,0.006,0.974,0.01,0.01,0.0,Light_T1
/home/lmy/iot-device-classification/dataset/light_T1/round6_jitter/light_T1_r6.pcapng,R6,119,1191.1951282024384,0.032,0.514,0.008,0.43,0.016,Light_T1
/home/lmy/iot-device-classification/dataset/light_T1/round6_jitter/light_T1_r6.pcapng,R6,120,1201.204675912857,0.01,0.76,0.074,0.156,0.0,Light_T1
/home/lmy/iot-device-classification/dataset/light_T1/round6_jitter/light_T1_r6.pcapng,R6,121,1211.2147130966189,0.042,0.666,0.086,0.202,0.004,Light_T1
/home/lmy/iot-device-classification/dataset/light_T1/round6_jitter/light_T1_r6.pcapng,R6,122,1220.3247294425964,0.01,0.75,0.11,0.13,0.0,Light_T1
/home/lmy/iot-device-classification/dataset/light_T1/round6_jitter/light_T1_r6.pcapng,R6,123,1230.5293974876404,0.174,0.644,0.088,0.094,0.0,Light_T1
/home/lmy/iot-device-classification/dataset/light_T1/round6_jitter/light_T1_r6.pcapng,R6,124,1241.2448699474337,0.0,0.858,0.024,0.118,0.0,Light_T1
/home/lmy/iot-device-classification/dataset/light_T1/round6_jitter/light_T1_r6.pcapng,R6,125,1251.2570579051971,0.004,0.792,0.082,0.122,0.0,Light_T1
/home/lmy/iot-device-classification/dataset/light_T1/round6_jitter/light_T1_r6.pcapng,R6,126,1261.264912366867,0.018,0.672,0.174,0.134,0.002,Light_T1
/home/lmy/iot-device-classification/dataset/light_T1/round6_jitter/light_T1_r6.pcapng,R6,127,1270.4621527194977,0.0,0.884,0.028,0.088,0.0,Light_T1
/home/lmy/iot-device-classification/dataset/light_T1/round6_jitter/light_T1_r6.pcapng,R6,128,1281.2846491336825,0.004,0.806,0.082,0.108,0.0,Light_T1
/home/lmy/iot-device-classification/dataset/light_T1/round6_jitter/light_T1_r6.pcapng,R6,129,1291.2946574687958,0.008,0.896,0.03,0.066,0.0,Light_T1
/home/lmy/iot-device-classification/dataset/light_T1/round6_jitter/light_T1_r6.pcapng,R6,130,1301.3044862747192,0.094,0.768,0.04,0.094,0.004,Light_T1
/home/lmy/iot-device-classification/dataset/light_T1/round6_jitter/light_T1_r6.pcapng,R6,131,1311.3154139518738,0.018,0.772,0.084,0.126,0.0,Light_T1
/home/lmy/iot-device-classification/dataset/light_T1/round6_jitter/light_T1_r6.pcapng,R6,132,1320.5301322937012,0.006,0.676,0.108,0.21,0.0,Light_T1
/home/lmy/iot-device-classification/dataset/light_T1/round6_jitter/light_T1_r6.pcapng,R6,133,1331.335738182068,0.0,0.86,0.038,0.102,0.0,Light_T1
/home/lmy/iot-device-classification/dataset/light_T1/round6_jitter/light_T1_r6.pcapng,R6,134,1341.3452854156494,0.01,0.88,0.02,0.09,0.0,Light_T1
/home/lmy/iot-device-classification/dataset/light_T1/round6_jitter/light_T1_r6.pcapng,R6,135,1351.3558177947998,0.044,0.686,0.016,0.238,0.016,Light_T1
/home/lmy/iot-device-classification/dataset/light_T1/round6_jitter/light_T1_r6.pcapng,R6,136,1360.4490747451782,0.0,0.838,0.064,0.098,0.0,Light_T1
/home/lmy/iot-device-classification/dataset/light_T1/round6_jitter/light_T1_r6.pcapng,R6,137,1371.3758835792542,0.006,0.786,0.142,0.064,0.002,Light_T1
/home/lmy/iot-device-classification/dataset/light_T1/round6_jitter/light_T1_r6.pcapng,R6,138,1380.2007954120636,0.066,0.626,0.12,0.186,0.002,Light_T1
/home/lmy/iot-device-classification/dataset/light_T1/round6_jitter/light_T1_r6.pcapng,R6,139,1390.461796760559,0.0,0.824,0.088,0.086,0.002,Light_T1
/home/lmy/iot-device-classification/dataset/light_T1/round6_jitter/light_T1_r6.pcapng,R6,140,1401.4054827690125,0.014,0.63,0.006,0.346,0.004,Light_T1
/home/lmy/iot-device-classification/dataset/light_T1/round6_jitter/light_T1_r6.pcapng,R6,141,1410.4067358970642,0.004,0.684,0.112,0.2,0.0,Light_T1
/home/lmy/iot-device-classification/dataset/light_T1/round6_jitter/light_T1_r6.pcapng,R6,142,1421.5442361831665,0.0,0.98,0.0,0.02,0.0,Light_T1
/home/lmy/iot-device-classification/dataset/light_T1/round6_jitter/light_T1_r6.pcapng,R6,143,1430.3617157936096,0.02,0.632,0.096,0.25,0.002,Light_T1
/home/lmy/iot-device-classification/dataset/light_T1/round6_jitter/light_T1_r6.pcapng,R6,144,1441.4464738368988,0.006,0.818,0.066,0.11,0.0,Light_T1
/home/lmy/iot-device-classification/dataset/light_T1/round6_jitter/light_T1_r6.pcapng,R6,145,1450.4486482143402,0.0,0.786,0.102,0.112,0.0,Light_T1
/home/lmy/iot-device-classification/dataset/light_T1/round6_jitter/light_T1_r6.pcapng,R6,146,1461.4662511348724,0.0,0.702,0.14,0.158,0.0,Light_T1
/home/lmy/iot-device-classification/dataset/light_T1/round6_jitter/light_T1_r6.pcapng,R6,147,1470.0202465057373,0.004,0.636,0.004,0.356,0.0,Light_T1
/home/lmy/iot-device-classification/dataset/light_T1/round6_jitter/light_T1_r6.pcapng,R6,148,1481.4882385730743,0.0,0.862,0.052,0.086,0.0,Light_T1
/home/lmy/iot-device-classification/dataset/light_T1/round6_jitter/light_T1_r6.pcapng,R6,149,1491.4956753253937,0.002,0.792,0.08,0.126,0.0,Light_T1
/home/lmy/iot-device-classification/dataset/light_T1/round6_jitter/light_T1_r6.pcapng,R6,150,1500.530391216278,0.006,0.684,0.114,0.196,0.0,Light_T1
/home/lmy/iot-device-classification/dataset/light_T1/round6_jitter/light_T1_r6.pcapng,R6,151,1510.4488806724548,0.002,0.786,0.086,0.126,0.0,Light_T1
/home/lmy/iot-device-classification/dataset/light_T1/round6_jitter/light_T1_r6.pcapng,R6,152,1520.1117322444916,0.012,0.768,0.106,0.112,0.002,Light_T1
/home/lmy/iot-device-classification/dataset/light_T1/round6_jitter/light_T1_r6.pcapng,R6,153,1530.800206899643,0.008,0.784,0.128,0.08,0.0,Light_T1
/home/lmy/iot-device-classification/dataset/light_T1/round6_jitter/light_T1_r6.pcapng,R6,154,1540.4638786315918,0.132,0.68,0.014,0.166,0.008,Light_T1
/home/lmy/iot-device-classification/dataset/light_T1/round6_jitter/light_T1_r6.pcapng,R6,155,1551.556224822998,0.004,0.732,0.116,0.148,0.0,Light_T1
/home/lmy/iot-device-classification/dataset/light_T1/round6_jitter/light_T1_r6.pcapng,R6,156,1561.5667719841003,0.008,0.738,0.098,0.156,0.0,Light_T1
/home/lmy/iot-device-classification/dataset/light_T1/round6_jitter/light_T1_r6.pcapng,R6,157,1571.5771498680117,0.004,0.664,0.048,0.282,0.002,Light_T1
/home/lmy/iot-device-classification/dataset/light_T1/round6_jitter/light_T1_r6.pcapng,R6,158,1580.0285921096802,0.002,0.778,0.106,0.114,0.0,Light_T1
/home/lmy/iot-device-classification/dataset/light_T1/round6_jitter/light_T1_r6.pcapng,R6,159,1590.5301983356476,0.032,0.75,0.066,0.15,0.002,Light_T1
/home/lmy/iot-device-classification/dataset/light_T1/round6_jitter/light_T1_r6.pcapng,R6,160,1601.607584476471,0.026,0.73,0.016,0.224,0.004,Light_T1
/home/lmy/iot-device-classification/dataset/light_T1/round6_jitter/light_T1_r6.pcapng,R6,161,1611.617282629013,0.056,0.718,0.078,0.144,0.004,Light_T1
/home/lmy/iot-device-classification/dataset/light_T1/round6_jitter/light_T1_r6.pcapng,R6,162,1621.6271967887878,0.024,0.6,0.108,0.266,0.002,Light_T1
/home/lmy/iot-device-classification/dataset/light_T1/round6_jitter/light_T1_r6.pcapng,R6,163,1630.449226617813,0.006,0.98,0.006,0.008,0.0,Light_T1
/home/lmy/iot-device-classification/dataset/light_T1/round6_jitter/light_T1_r6.pcapng,R6,164,1641.6481590270996,0.006,0.792,0.072,0.13,0.0,Light_T1
/home/lmy/iot-device-classification/dataset/light_T1/round6_jitter/light_T1_r6.pcapng,R6,165,1651.65696310997,0.0,0.682,0.114,0.204,0.0,Light_T1
/home/lmy/iot-device-classification/dataset/light_T1/round6_jitter/light_T1_r6.pcapng,R6,166,1661.666605949402,0.0,0.868,0.038,0.094,0.0,Light_T1
/home/lmy/iot-device-classification/dataset/light_T1/round6_jitter/light_T1_r6.pcapng,R6,167,1671.6766698360443,0.05,0.774,0.044,0.13,0.002,Light_T1
/home/lmy/iot-device-classification/dataset/light_T1/round6_jitter/light_T1_r6.pcapng,R6,168,1680.1386835575104,0.028,0.824,0.066,0.076,0.006,Light_T1
/home/lmy/iot-device-classification/dataset/light_T1/round6_jitter/light_T1_r6.pcapng,R6,169,1691.6980001926422,0.044,0.684,0.008,0.26,0.004,Light_T1
/home/lmy/iot-device-classification/dataset/light_T1/round6_jitter/light_T1_r6.pcapng,R6,170,1701.7072253227234,0.0,0.872,0.088,0.04,0.0,Light_T1
/home/lmy/iot-device-classification/dataset/light_T1/round6_jitter/light_T1_r6.pcapng,R6,171,1711.7170794010162,0.026,0.774,0.01,0.172,0.018,Light_T1
/home/lmy/iot-device-classification/dataset/light_T1/round6_jitter/light_T1_r6.pcapng,R6,172,1720.4615693092346,0.0,0.858,0.056,0.086,0.0,Light_T1
/home/lmy/iot-device-classification/dataset/light_T1/round6_jitter/light_T1_r6.pcapng,R6,173,1731.7371008396149,0.01,0.778,0.088,0.124,0.0,Light_T1
/home/lmy/iot-device-classification/dataset/light_T1/round6_jitter/light_T1_r6.pcapng,R6,174,1741.7471363544464,0.002,0.756,0.116,0.126,0.0,Light_T1
/home/lmy/iot-device-classification/dataset/light_T1/round6_jitter/light_T1_r6.pcapng,R6,175,1750.450618982315,0.0,0.978,0.01,0.012,0.0,Light_T1
/home/lmy/iot-device-classification/dataset/light_T1/round6_jitter/light_T1_r6.pcapng,R6,176,1761.7675304412842,0.006,0.766,0.102,0.126,0.0,Light_T1
/home/lmy/iot-device-classification/dataset/light_T1/round6_jitter/light_T1_r6.pcapng,R6,177,1770.5927419662476,0.012,0.764,0.104,0.12,0.0,Light_T1
/home/lmy/iot-device-classification/dataset/light_T1/round6_jitter/light_T1_r6.pcapng,R6,178,1781.786839723587,0.044,0.442,0.048,0.44,0.026,Light_T1
/home/lmy/iot-device-classification/dataset/light_T1/round6_jitter/light_T1_r6.pcapng,R6,179,1790.8864450454712,0.002,0.77,0.124,0.104,0.0,Light_T1
/home/lmy/iot-device-classification/dataset/light_T1/round6_jitter/light_T1_r6.pcapng,R6,180,1800.966551780701,0.002,0.748,0.098,0.152,0.0,Light_T1
/home/lmy/iot-device-classification/dataset/light_T1/round6_jitter/light_T1_r6.pcapng,R6,181,1810.4611082077024,0.004,0.88,0.046,0.07,0.0,Light_T1
/home/lmy/iot-device-classification/dataset/light_T1/round6_jitter/light_T1_r6.pcapng,R6,182,1821.828186750412,0.016,0.722,0.112,0.15,0.0,Light_T1
/home/lmy/iot-device-classification/dataset/light_T1/round6_jitter/light_T1_r6.pcapng,R6,183,1831.8379430770876,0.004,0.666,0.144,0.186,0.0,Light_T1
/home/lmy/iot-device-classification/dataset/light_T1/round6_jitter/light_T1_r6.pcapng,R6,184,1841.8477051258087,0.034,0.778,0.008,0.176,0.004,Light_T1
/home/lmy/iot-device-classification/dataset/light_T1/round6_jitter/light_T1_r6.pcapng,R6,185,1851.309404373169,0.0,0.84,0.092,0.068,0.0,Light_T1
/home/lmy/iot-device-classification/dataset/light_T1/round6_jitter/light_T1_r6.pcapng,R6,186,1860.5308847427368,0.004,0.668,0.03,0.294,0.004,Light_T1
/home/lmy/iot-device-classification/dataset/light_T1/round6_jitter/light_T1_r6.pcapng,R6,187,1870.35537815094,0.004,0.818,0.074,0.104,0.0,Light_T1
/home/lmy/iot-device-classification/dataset/light_T1/round6_jitter/light_T1_r6.pcapng,R6,188,1881.888097524643,0.006,0.79,0.096,0.108,0.0,Light_T1
/home/lmy/iot-device-classification/dataset/light_T1/round6_jitter/light_T1_r6.pcapng,R6,189,1891.6705458164213,0.002,0.756,0.112,0.13,0.0,Light_T1
/home/lmy/iot-device-classification/dataset/light_T1/round6_jitter/light_T1_r6.pcapng,R6,190,1900.442717790604,0.004,0.622,0.178,0.184,0.012,Light_T1
/home/lmy/iot-device-classification/dataset/light_T1/round6_jitter/light_T1_r6.pcapng,R6,191,1911.9185914993288,0.0,0.716,0.114,0.17,0.0,Light_T1
/home/lmy/iot-device-classification/dataset/light_T1/round6_jitter/light_T1_r6.pcapng,R6,192,1921.9284763336184,0.002,0.686,0.162,0.15,0.0,Light_T1
/home/lmy/iot-device-classification/dataset/light_T1/round6_jitter/light_T1_r6.pcapng,R6,193,1931.93860077858,0.0,0.846,0.002,0.152,0.0,Light_T1
/home/lmy/iot-device-classification/dataset/light_T1/round6_jitter/light_T1_r6.pcapng,R6,194,1940.0192289352417,0.002,0.68,0.126,0.192,0.0,Light_T1
/home/lmy/iot-device-classification/dataset/light_T1/round6_jitter/light_T1_r6.pcapng,R6,195,1950.019117116928,0.026,0.722,0.108,0.14,0.004,Light_T1
/home/lmy/iot-device-classification/dataset/light_T1/round6_jitter/light_T1_r6.pcapng,R6,196,1961.9695343971248,0.0,0.894,0.052,0.054,0.0,Light_T1
/home/lmy/iot-device-classification/dataset/light_T1/round6_jitter/light_T1_r6.pcapng,R6,197,1971.98366189003,0.004,0.734,0.09,0.172,0.0,Light_T1
/home/lmy/iot-device-classification/dataset/light_T1/round6_jitter/light_T1_r6.pcapng,R6,198,1980.137868642807,0.008,0.604,0.248,0.14,0.0,Light_T1
/home/lmy/iot-device-classification/dataset/light_T1/round6_jitter/light_T1_r6.pcapng,R6,199,1990.4484014511108,0.004,0.856,0.072,0.068,0.0,Light_T1
/home/lmy/iot-device-classification/dataset/light_T1/round6_jitter/light_T1_r6.pcapng,R6,200,2002.0159950256348,0.008,0.79,0.074,0.128,0.0,Light_T1
/home/lmy/iot-device-classification/dataset/light_T1/round6_jitter/light_T1_r6.pcapng,R6,201,2010.2072718143463,0.056,0.598,0.172,0.17,0.004,Light_T1
/home/lmy/iot-device-classification/dataset/light_T1/round6_jitter/light_T1_r6.pcapng,R6,202,2022.028676748276,0.002,0.842,0.072,0.084,0.0,Light_T1
/home/lmy/iot-device-classification/dataset/light_T1/round6_jitter/light_T1_r6.pcapng,R6,203,2032.0387527942655,0.016,0.668,0.13,0.186,0.0,Light_T1
/home/lmy/iot-device-classification/dataset/light_T1/round6_jitter/light_T1_r6.pcapng,R6,204,2040.605309724808,0.096,0.498,0.054,0.35,0.002,Light_T1
/home/lmy/iot-device-classification/dataset/light_T1/round6_jitter/light_T1_r6.pcapng,R6,205,2050.202221393585,0.004,0.828,0.074,0.092,0.002,Light_T1
/home/lmy/iot-device-classification/dataset/light_T1/round6_jitter/light_T1_r6.pcapng,R6,206,2062.068784236908,0.008,0.722,0.04,0.23,0.0,Light_T1
/home/lmy/iot-device-classification/dataset/light_T1/round6_jitter/light_T1_r6.pcapng,R6,207,2070.1185805797577,0.004,0.614,0.012,0.37,0.0,Light_T1
/home/lmy/iot-device-classification/dataset/light_T1/round6_jitter/light_T1_r6.pcapng,R6,208,2080.447940349579,0.0,0.75,0.122,0.128,0.0,Light_T1
/home/lmy/iot-device-classification/dataset/light_T1/round6_jitter/light_T1_r6.pcapng,R6,209,2091.8019819259644,0.0,0.704,0.124,0.172,0.0,Light_T1
/home/lmy/iot-device-classification/dataset/light_T1/round6_jitter/light_T1_r6.pcapng,R6,210,2100.607554674149,0.002,0.684,0.128,0.186,0.0,Light_T1
/home/lmy/iot-device-classification/dataset/light_T1/round6_jitter/light_T1_r6.pcapng,R6,211,2110.460786342621,0.002,0.838,0.062,0.098,0.0,Light_T1
/home/lmy/iot-device-classification/dataset/light_T1/round6_jitter/light_T1_r6.pcapng,R6,212,2120.922825813293,0.004,0.894,0.054,0.046,0.002,Light_T1
/home/lmy/iot-device-classification/dataset/light_T1/round6_jitter/light_T1_r6.pcapng,R6,213,2130.531145095825,0.012,0.814,0.102,0.072,0.0,Light_T1
/home/lmy/iot-device-classification/dataset/light_T1/round6_jitter/light_T1_r6.pcapng,R6,214,2140.009197950363,0.002,0.768,0.112,0.118,0.0,Light_T1
/home/lmy/iot-device-classification/dataset/light_T1/round6_jitter/light_T1_r6.pcapng,R6,215,2152.159565448761,0.012,0.852,0.092,0.044,0.0,Light_T1
/home/lmy/iot-device-classification/dataset/light_T1/round6_jitter/light_T1_r6.pcapng,R6,216,2162.1695549488068,0.002,0.802,0.06,0.136,0.0,Light_T1
/home/lmy/iot-device-classification/dataset/light_T1/round6_jitter/light_T1_r6.pcapng,R6,217,2170.460384607315,0.0,0.912,0.024,0.062,0.002,Light_T1
/home/lmy/iot-device-classification/dataset/light_T1/round6_jitter/light_T1_r6.pcapng,R6,218,2180.024869441986,0.022,0.688,0.006,0.278,0.006,Light_T1
/home/lmy/iot-device-classification/dataset/light_T1/round6_jitter/light_T1_r6.pcapng,R6,219,2191.643091201782,0.022,0.642,0.086,0.248,0.002,Light_T1
/home/lmy/iot-device-classification/dataset/light_T1/round6_jitter/light_T1_r6.pcapng,R6,220,2202.209225177765,0.002,0.69,0.126,0.182,0.0,Light_T1
/home/lmy/iot-device-classification/dataset/light_T1/round6_jitter/light_T1_r6.pcapng,R6,221,2210.3622753620148,0.008,0.732,0.064,0.196,0.0,Light_T1
/home/lmy/iot-device-classification/dataset/light_T1/round6_jitter/light_T1_r6.pcapng,R6,222,2220.5317854881287,0.032,0.836,0.066,0.066,0.0,Light_T1
/home/lmy/iot-device-classification/dataset/light_T1/round6_jitter/light_T1_r6.pcapng,R6,223,2230.44996714592,0.0,0.852,0.068,0.08,0.0,Light_T1
/home/lmy/iot-device-classification/dataset/light_T1/round6_jitter/light_T1_r6.pcapng,R6,224,2241.5627160072327,0.122,0.738,0.048,0.09,0.002,Light_T1
/home/lmy/iot-device-classification/dataset/light_T1/round6_jitter/light_T1_r6.pcapng,R6,225,2251.65949344635,0.006,0.76,0.092,0.142,0.0,Light_T1
/home/lmy/iot-device-classification/dataset/light_T1/round6_jitter/light_T1_r6.pcapng,R6,226,2260.461043596268,0.01,0.958,0.01,0.022,0.0,Light_T1
/home/lmy/iot-device-classification/dataset/light_T1/round6_jitter/light_T1_r6.pcapng,R6,227,2272.279742002487,0.098,0.524,0.032,0.336,0.01,Light_T1
/home/lmy/iot-device-classification/dataset/light_T1/round6_jitter/light_T1_r6.pcapng,R6,228,2280.1381266117096,0.112,0.736,0.048,0.1,0.004,Light_T1
/home/lmy/iot-device-classification/dataset/light_T1/round6_jitter/light_T1_r6.pcapng,R6,229,2291.056808948517,0.054,0.69,0.018,0.234,0.004,Light_T1
/home/lmy/iot-device-classification/dataset/light_T1/round6_jitter/light_T1_r6.pcapng,R6,230,2300.0874347686768,0.084,0.764,0.036,0.114,0.002,Light_T1
/home/lmy/iot-device-classification/dataset/light_T1/round6_jitter/light_T1_r6.pcapng,R6,231,2310.5317962169647,0.028,0.934,0.012,0.026,0.0,Light_T1
/home/lmy/iot-device-classification/dataset/light_T1/round6_jitter/light_T1_r6.pcapng,R6,232,2320.6042160987854,0.052,0.44,0.106,0.376,0.026,Light_T1
/home/lmy/iot-device-classification/dataset/light_T1/round6_jitter/light_T1_r6.pcapng,R6,233,2332.3271975517277,0.078,0.84,0.012,0.07,0.0,Light_T1
/home/lmy/iot-device-classification/dataset/light_T1/round6_jitter/light_T1_r6.pcapng,R6,234,2342.3501982688904,0.004,0.81,0.118,0.068,0.0,Light_T1
/home/lmy/iot-device-classification/dataset/light_T1/round6_jitter/light_T1_r6.pcapng,R6,235,2350.47163939476,0.006,0.798,0.088,0.106,0.002,Light_T1
/home/lmy/iot-device-classification/dataset/light_T1/round6_jitter/light_T1_r6.pcapng,R6,236,2362.2029275894165,0.052,0.502,0.042,0.386,0.018,Light_T1
/home/lmy/iot-device-classification/dataset/light_T1/round6_jitter/light_T1_r6.pcapng,R6,237,2372.380277633667,0.016,0.668,0.238,0.076,0.002,Light_T1
/home/lmy/iot-device-classification/dataset/light_T1/round6_jitter/light_T1_r6.pcapng,R6,238,2382.38967204094,0.0,0.854,0.05,0.096,0.0,Light_T1
/home/lmy/iot-device-classification/dataset/light_T1/round6_jitter/light_T1_r6.pcapng,R6,239,2390.0295186042786,0.038,0.582,0.138,0.24,0.002,Light_T1
/home/lmy/iot-device-classification/dataset/light_T1/round6_jitter/light_T1_r6.pcapng,R6,240,2401.7237889766693,0.0,0.68,0.104,0.216,0.0,Light_T1
/home/lmy/iot-device-classification/dataset/light_T1/round6_jitter/light_T1_r6.pcapng,R6,241,2412.122505426407,0.002,0.828,0.026,0.144,0.0,Light_T1
/home/lmy/iot-device-classification/dataset/light_T1/round6_jitter/light_T1_r6.pcapng,R6,242,2422.4308738708496,0.02,0.732,0.164,0.082,0.002,Light_T1
/home/lmy/iot-device-classification/dataset/light_T1/round6_jitter/light_T1_r6.pcapng,R6,243,2432.029598712921,0.0,0.706,0.128,0.166,0.0,Light_T1
/home/lmy/iot-device-classification/dataset/light_T1/round6_jitter/light_T1_r6.pcapng,R6,244,2440.459670305252,0.0,0.838,0.056,0.106,0.0,Light_T1
/home/lmy/iot-device-classification/dataset/light_T1/round6_jitter/light_T1_r6.pcapng,R6,245,2452.460870027542,0.032,0.538,0.032,0.382,0.016,Light_T1
/home/lmy/iot-device-classification/dataset/light_T1/round6_jitter/light_T1_r6.pcapng,R6,246,2460.2070767879486,0.038,0.606,0.172,0.182,0.002,Light_T1
/home/lmy/iot-device-classification/dataset/light_T1/round6_jitter/light_T1_r6.pcapng,R6,247,2470.362666606903,0.156,0.634,0.042,0.162,0.006,Light_T1
/home/lmy/iot-device-classification/dataset/light_T1/round6_jitter/light_T1_r6.pcapng,R6,248,2482.4905638694763,0.086,0.748,0.038,0.126,0.002,Light_T1
/home/lmy/iot-device-classification/dataset/light_T1/round6_jitter/light_T1_r6.pcapng,R6,249,2490.53217959404,0.024,0.896,0.04,0.04,0.0,Light_T1
/home/lmy/iot-device-classification/dataset/light_T1/round6_jitter/light_T1_r6.pcapng,R6,250,2502.510748386383,0.0,0.866,0.048,0.086,0.0,Light_T1
/home/lmy/iot-device-classification/dataset/light_T1/round6_jitter/light_T1_r6.pcapng,R6,251,2511.168463945389,0.0,0.792,0.126,0.076,0.006,Light_T1
/home/lmy/iot-device-classification/dataset/light_T1/round6_jitter/light_T1_r6.pcapng,R6,252,2522.5309052467346,0.008,0.704,0.072,0.216,0.0,Light_T1
/home/lmy/iot-device-classification/dataset/light_T1/round6_jitter/light_T1_r6.pcapng,R6,253,2530.288831472397,0.002,0.822,0.056,0.12,0.0,Light_T1
/home/lmy/iot-device-classification/dataset/light_T1/round6_jitter/light_T1_r6.pcapng,R6,254,2540.3897054195404,0.016,0.662,0.008,0.31,0.004,Light_T1
/home/lmy/iot-device-classification/dataset/light_T1/round6_jitter/light_T1_r6.pcapng,R6,255,2552.5612242221832,0.06,0.81,0.032,0.096,0.002,Light_T1
/home/lmy/iot-device-classification/dataset/light_T1/round6_jitter/light_T1_r6.pcapng,R6,256,2562.571249485016,0.0,0.79,0.082,0.128,0.0,Light_T1
/home/lmy/iot-device-classification/dataset/light_T1/round6_jitter/light_T1_r6.pcapng,R6,257,2572.582462787628,0.002,0.694,0.134,0.17,0.0,Light_T1
/home/lmy/iot-device-classification/dataset/light_T1/round6_jitter/light_T1_r6.pcapng,R6,258,2580.1469094753265,0.006,0.674,0.148,0.172,0.0,Light_T1
/home/lmy/iot-device-classification/dataset/light_T1/round6_jitter/light_T1_r6.pcapng,R6,259,2590.447726011276,0.002,0.814,0.052,0.13,0.002,Light_T1
/home/lmy/iot-device-classification/dataset/light_T1/round6_jitter/light_T1_r6.pcapng,R6,260,2602.610893726349,0.006,0.872,0.052,0.07,0.0,Light_T1
/home/lmy/iot-device-classification/dataset/light_T1/round6_jitter/light_T1_r6.pcapng,R6,261,2612.621702194214,0.018,0.77,0.058,0.152,0.002,Light_T1
/home/lmy/iot-device-classification/dataset/light_T1/round6_jitter/light_T1_r6.pcapng,R6,262,2620.447705984116,0.0,0.822,0.102,0.076,0.0,Light_T1
/home/lmy/iot-device-classification/dataset/light_T1/round6_jitter/light_T1_r6.pcapng,R6,263,2632.6025512218475,0.002,0.706,0.108,0.184,0.0,Light_T1
/home/lmy/iot-device-classification/dataset/light_T1/round6_jitter/light_T1_r6.pcapng,R6,264,2642.65159201622,0.014,0.93,0.026,0.028,0.002,Light_T1
/home/lmy/iot-device-classification/dataset/light_T1/round6_jitter/light_T1_r6.pcapng,R6,265,2652.661702394485,0.002,0.832,0.038,0.128,0.0,Light_T1
/home/lmy/iot-device-classification/dataset/light_T1/round6_jitter/light_T1_r6.pcapng,R6,266,2662.6723856925964,0.132,0.6,0.048,0.216,0.004,Light_T1
/home/lmy/iot-device-classification/dataset/light_T1/round6_jitter/light_T1_r6.pcapng,R6,267,2670.5318903923035,0.03,0.764,0.094,0.112,0.0,Light_T1
/home/lmy/iot-device-classification/dataset/light_T1/round6_jitter/light_T1_r6.pcapng,R6,268,2682.522677898407,0.002,0.806,0.068,0.124,0.0,Light_T1
/home/lmy/iot-device-classification/dataset/light_T1/round6_jitter/light_T1_r6.pcapng,R6,269,2692.7009994983678,0.006,0.966,0.02,0.008,0.0,Light_T1
/home/lmy/iot-device-classification/dataset/light_T1/round6_jitter/light_T1_r6.pcapng,R6,270,2702.7114295959477,0.0,0.664,0.136,0.2,0.0,Light_T1
/home/lmy/iot-device-classification/dataset/light_T1/round6_jitter/light_T1_r6.pcapng,R6,271,2710.448374986649,0.004,0.798,0.066,0.132,0.0,Light_T1
/home/lmy/iot-device-classification/dataset/light_T1/round6_jitter/light_T1_r6.pcapng,R6,272,2720.243267059326,0.012,0.856,0.02,0.11,0.002,Light_T1
/home/lmy/iot-device-classification/dataset/light_T1/round6_jitter/light_T1_r6.pcapng,R6,273,2731.0885179042816,0.126,0.68,0.074,0.118,0.002,Light_T1
/home/lmy/iot-device-classification/dataset/light_T1/round6_jitter/light_T1_r6.pcapng,R6,274,2740.106722354889,0.0,0.84,0.084,0.076,0.0,Light_T1
/home/lmy/iot-device-classification/dataset/light_T1/round6_jitter/light_T1_r6.pcapng,R6,275,2752.7623472213745,0.002,0.714,0.124,0.16,0.0,Light_T1
/home/lmy/iot-device-classification/dataset/light_T1/round6_jitter/light_T1_r6.pcapng,R6,276,2760.532936811447,0.018,0.796,0.082,0.104,0.0,Light_T1
/home/lmy/iot-device-classification/dataset/light_T1/round6_jitter/light_T1_r6.pcapng,R6,277,2772.78261590004,0.0,0.976,0.014,0.01,0.0,Light_T1
/home/lmy/iot-device-classification/dataset/light_T1/round6_jitter/light_T1_r6.pcapng,R6,278,2782.7923419475555,0.034,0.548,0.014,0.382,0.022,Light_T1
/home/lmy/iot-device-classification/dataset/light_T1/round6_jitter/light_T1_r6.pcapng,R6,279,2790.310722589493,0.032,0.546,0.054,0.35,0.018,Light_T1
/home/lmy/iot-device-classification/dataset/light_T1/round6_jitter/light_T1_r6.pcapng,R6,280,2800.459692001343,0.0,0.726,0.106,0.168,0.0,Light_T1
/home/lmy/iot-device-classification/dataset/light_T1/round6_jitter/light_T1_r6.pcapng,R6,281,2811.719918012619,0.004,0.762,0.108,0.126,0.0,Light_T1
/home/lmy/iot-device-classification/dataset/light_T1/round6_jitter/light_T1_r6.pcapng,R6,282,2821.5053803920746,0.004,0.672,0.128,0.196,0.0,Light_T1
/home/lmy/iot-device-classification/dataset/light_T1/round6_jitter/light_T1_r6.pcapng,R6,283,2830.4607865810394,0.0,0.83,0.042,0.128,0.0,Light_T1
/home/lmy/iot-device-classification/dataset/light_T1/round6_jitter/light_T1_r6.pcapng,R6,284,2842.61807513237,0.13,0.616,0.068,0.182,0.004,Light_T1
/home/lmy/iot-device-classification/dataset/light_T1/round6_jitter/light_T1_r6.pcapng,R6,285,2850.526269197464,0.0,0.684,0.13,0.186,0.0,Light_T1
/home/lmy/iot-device-classification/dataset/light_T1/round6_jitter/light_T1_r6.pcapng,R6,286,2861.4030582904816,0.0,0.984,0.002,0.014,0.0,Light_T1
/home/lmy/iot-device-classification/dataset/light_T1/round6_jitter/light_T1_r6.pcapng,R6,287,2871.7913739681244,0.012,0.648,0.222,0.116,0.002,Light_T1
/home/lmy/iot-device-classification/dataset/light_T1/round6_jitter/light_T1_r6.pcapng,R6,288,2880.5682747364044,0.004,0.77,0.1,0.126,0.0,Light_T1
/home/lmy/iot-device-classification/dataset/light_T1/round6_jitter/light_T1_r6.pcapng,R6,289,2890.46056175232,0.12,0.774,0.024,0.074,0.008,Light_T1
/home/lmy/iot-device-classification/dataset/light_T1/round6_jitter/light_T1_r6.pcapng,R6,290,2902.017991542816,0.014,0.702,0.172,0.11,0.002,Light_T1
/home/lmy/iot-device-classification/dataset/light_T1/round6_jitter/light_T1_r6.pcapng,R6,291,2912.0774993896484,0.054,0.646,0.108,0.188,0.004,Light_T1
/home/lmy/iot-device-classification/dataset/light_T1/round6_jitter/light_T1_r6.pcapng,R6,292,2922.9335210323334,0.0,0.846,0.072,0.082,0.0,Light_T1
/home/lmy/iot-device-classification/dataset/light_T1/round6_jitter/light_T1_r6.pcapng,R6,293,2932.9445843696594,0.014,0.912,0.03,0.044,0.0,Light_T1
/home/lmy/iot-device-classification/dataset/light_T1/round6_jitter/light_T1_r6.pcapng,R6,294,2940.532990694046,0.0,0.692,0.108,0.2,0.0,Light_T1
/home/lmy/iot-device-classification/dataset/light_T1/round6_jitter/light_T1_r6.pcapng,R6,295,2950.446444749832,0.0,0.85,0.046,0.104,0.0,Light_T1
/home/lmy/iot-device-classification/dataset/light_T1/round6_jitter/light_T1_r6.pcapng,R6,296,2962.972623348236,0.014,0.654,0.248,0.082,0.002,Light_T1
/home/lmy/iot-device-classification/dataset/light_T1/round6_jitter/light_T1_r6.pcapng,R6,297,2972.98409986496,0.004,0.952,0.022,0.022,0.0,Light_T1
/home/lmy/iot-device-classification/dataset/light_T1/round6_jitter/light_T1_r6.pcapng,R6,298,2980.447480201721,0.002,0.838,0.052,0.108,0.0,Light_T1
/home/lmy/iot-device-classification/dataset/light_T1/round6_jitter/light_T1_r6.pcapng,R6,299,2991.570041418076,0.008,0.784,0.102,0.106,0.0,Light_T1
/home/lmy/iot-device-classification/dataset/light_T1/round6_jitter/light_T1_r6.pcapng,R6,300,3000.289328336716,0.006,0.678,0.124,0.192,0.0,Light_T1
/home/lmy/iot-device-classification/dataset/light_T1/round6_jitter/light_T1_r6.pcapng,R6,301,3010.2268064022064,0.002,0.848,0.064,0.086,0.0,Light_T1
/home/lmy/iot-device-classification/dataset/light_T1/round6_jitter/light_T1_r6.pcapng,R6,302,3021.1686866283417,0.006,0.916,0.036,0.042,0.0,Light_T1
/home/lmy/iot-device-classification/dataset/light_T1/round6_jitter/light_T1_r6.pcapng,R6,303,3030.526533603668,0.006,0.7,0.13,0.164,0.0,Light_T1
/home/lmy/iot-device-classification/dataset/light_T1/round6_jitter/light_T1_r6.pcapng,R6,304,3043.07745552063,0.0,0.848,0.058,0.094,0.0,Light_T1
/home/lmy/iot-device-classification/dataset/light_T1/round6_jitter/light_T1_r6.pcapng,R6,305,3050.0304975509644,0.012,0.776,0.11,0.102,0.0,Light_T1
/home/lmy/iot-device-classification/dataset/light_T1/round6_jitter/light_T1_r6.pcapng,R6,306,3063.073250770569,0.018,0.624,0.122,0.236,0.0,Light_T1
/home/lmy/iot-device-classification/dataset/light_T1/round6_jitter/light_T1_r6.pcapng,R6,307,3070.460724115372,0.004,0.8,0.094,0.102,0.0,Light_T1
/home/lmy/iot-device-classification/dataset/light_T1/round6_jitter/light_T1_r6.pcapng,R6,308,3081.150215148926,0.008,0.866,0.034,0.092,0.0,Light_T1
/home/lmy/iot-device-classification/dataset/light_T1/round6_jitter/light_T1_r6.pcapng,R6,309,3092.008431434632,0.008,0.764,0.086,0.142,0.0,Light_T1
/home/lmy/iot-device-classification/dataset/light_T1/round6_jitter/light_T1_r6.pcapng,R6,310,3103.1134583950043,0.0,0.818,0.032,0.15,0.0,Light_T1
/home/lmy/iot-device-classification/dataset/light_T1/round6_jitter/light_T1_r6.pcapng,R6,311,3113.1231853961945,0.01,0.764,0.114,0.112,0.0,Light_T1
/home/lmy/iot-device-classification/dataset/light_T1/round6_jitter/light_T1_r6.pcapng,R6,312,3123.134006500244,0.026,0.774,0.01,0.172,0.018,Light_T1
/home/lmy/iot-device-classification/dataset/light_T1/round6_jitter/light_T1_r6.pcapng,R6,313,3131.4679203033447,0.004,0.792,0.05,0.154,0.0,Light_T1
/home/lmy/iot-device-classification/dataset/light_T1/round6_jitter/light_T1_r6.pcapng,R6,314,3140.1257486343384,0.008,0.78,0.094,0.118,0.0,Light_T1
/home/lmy/iot-device-classification/dataset/light_T1/round6_jitter/light_T1_r6.pcapng,R6,316,3160.458023309708,0.004,0.828,0.086,0.082,0.0,Light_T1
/home/lmy/iot-device-classification/dataset/light_T1/round6_jitter/light_T1_r6.pcapng,R6,317,3172.7386898994446,0.014,0.614,0.126,0.246,0.0,Light_T1
/home/lmy/iot-device-classification/dataset/light_T1/round6_jitter/light_T1_r6.pcapng,R6,318,3180.2197666168213,0.002,0.632,0.102,0.264,0.0,Light_T1
/home/lmy/iot-device-classification/dataset/light_T1/round6_jitter/light_T1_r6.pcapng,R6,319,3190.4461460113525,0.0,0.834,0.068,0.098,0.0,Light_T1
/home/lmy/iot-device-classification/dataset/light_T1/round6_jitter/light_T1_r6.pcapng,R6,320,3201.9497652053838,0.006,0.788,0.104,0.102,0.0,Light_T1
/home/lmy/iot-device-classification/dataset/light_T1/round6_jitter/light_T1_r6.pcapng,R6,321,3213.223206281662,0.004,0.688,0.138,0.17,0.0,Light_T1
/home/lmy/iot-device-classification/dataset/light_T1/round6_jitter/light_T1_r6.pcapng,R6,322,3223.2366466522217,0.004,0.844,0.068,0.084,0.0,Light_T1
/home/lmy/iot-device-classification/dataset/light_T1/round6_jitter/light_T1_r6.pcapng,R6,323,3231.3873958587646,0.08,0.524,0.144,0.242,0.01,Light_T1
/home/lmy/iot-device-classification/dataset/light_T1/round6_jitter/light_T1_r6.pcapng,R6,324,3242.116520404816,0.0,0.674,0.136,0.19,0.0,Light_T1
/home/lmy/iot-device-classification/dataset/light_T1/round6_jitter/light_T1_r6.pcapng,R6,325,3250.3623847961426,0.002,0.826,0.06,0.112,0.0,Light_T1
/home/lmy/iot-device-classification/dataset/light_T1/round6_jitter/light_T1_r6.pcapng,R6,326,3263.272674560547,0.006,0.788,0.09,0.116,0.0,Light_T1
/home/lmy/iot-device-classification/dataset/light_T1/round6_jitter/light_T1_r6.pcapng,R6,327,3273.242734193802,0.004,0.666,0.124,0.206,0.0,Light_T1
/home/lmy/iot-device-classification/dataset/light_T1/round6_jitter/light_T1_r6.pcapng,R6,328,3283.292952775955,0.002,0.84,0.062,0.096,0.0,Light_T1
/home/lmy/iot-device-classification/dataset/light_T1/round6_jitter/light_T1_r6.pcapng,R6,329,3293.3035027980804,0.07,0.556,0.058,0.302,0.014,Light_T1
/home/lmy/iot-device-classification/dataset/light_T1/round6_jitter/light_T1_r6.pcapng,R6,330,3300.531008243561,0.002,0.764,0.094,0.14,0.0,Light_T1
/home/lmy/iot-device-classification/dataset/light_T1/round6_jitter/light_T1_r6.pcapng,R6,331,3310.4577827453613,0.0,0.838,0.046,0.116,0.0,Light_T1
/home/lmy/iot-device-classification/dataset/light_T1/round6_jitter/light_T1_r6.pcapng,R6,332,3320.188933610916,0.006,0.79,0.08,0.124,0.0,Light_T1
/home/lmy/iot-device-classification/dataset/light_T1/round6_jitter/light_T1_r6.pcapng,R6,333,3331.2458941936493,0.102,0.748,0.062,0.086,0.002,Light_T1
/home/lmy/iot-device-classification/dataset/light_T1/round6_jitter/light_T1_r6.pcapng,R6,334,3340.266094207764,0.002,0.828,0.094,0.076,0.0,Light_T1
/home/lmy/iot-device-classification/dataset/light_T1/round6_jitter/light_T1_r6.pcapng,R6,335,3353.363086938858,0.0,0.678,0.074,0.248,0.0,Light_T1
/home/lmy/iot-device-classification/dataset/light_T1/round6_jitter/light_T1_r6.pcapng,R6,336,3362.82798743248,0.096,0.74,0.07,0.092,0.002,Light_T1
/home/lmy/iot-device-classification/dataset/light_T1/round6_jitter/light_T1_r6.pcapng,R6,337,3373.3831017017365,0.022,0.61,0.016,0.348,0.004,Light_T1
/home/lmy/iot-device-classification/dataset/light_T1/round6_jitter/light_T1_r6.pcapng,R6,338,3381.401404619217,0.002,0.692,0.11,0.196,0.0,Light_T1
/home/lmy/iot-device-classification/dataset/light_T1/round6_jitter/light_T1_r6.pcapng,R6,339,3390.5308978557587,0.004,0.658,0.054,0.284,0.0,Light_T1
/home/lmy/iot-device-classification/dataset/light_T1/round6_jitter/light_T1_r6.pcapng,R6,340,3400.121520280838,0.028,0.67,0.022,0.276,0.004,Light_T1
/home/lmy/iot-device-classification/dataset/light_T1/round6_jitter/light_T1_r6.pcapng,R6,341,3410.355239391327,0.002,0.726,0.124,0.148,0.0,Light_T1
/home/lmy/iot-device-classification/dataset/light_T1/round6_jitter/light_T1_r6.pcapng,R6,342,3423.4332168102264,0.006,0.606,0.056,0.328,0.004,Light_T1
/home/lmy/iot-device-classification/dataset/light_T1/round6_jitter/light_T1_r6.pcapng,R6,343,3430.4579787254333,0.006,0.822,0.082,0.09,0.0,Light_T1
/home/lmy/iot-device-classification/dataset/light_T1/round6_jitter/light_T1_r6.pcapng,R6,344,3441.330272912979,0.002,0.792,0.086,0.12,0.0,Light_T1
/home/lmy/iot-device-classification/dataset/light_T1/round6_jitter/light_T1_r6.pcapng,R6,345,3452.369309425354,0.0,0.694,0.132,0.174,0.0,Light_T1
/home/lmy/iot-device-classification/dataset/light_T1/round6_jitter/light_T1_r6.pcapng,R6,346,3460.4422619342804,0.004,0.814,0.048,0.134,0.0,Light_T1
/home/lmy/iot-device-classification/dataset/light_T1/round6_jitter/light_T1_r6.pcapng,R6,347,3473.4827988147736,0.004,0.704,0.108,0.184,0.0,Light_T1
/home/lmy/iot-device-classification/dataset/light_T1/round6_jitter/light_T1_r6.pcapng,R6,348,3480.153078317642,0.002,0.664,0.144,0.19,0.0,Light_T1
/home/lmy/iot-device-classification/dataset/light_T1/round6_jitter/light_T1_r6.pcapng,R6,349,3493.503347635269,0.054,0.672,0.016,0.254,0.004,Light_T1
/home/lmy/iot-device-classification/dataset/light_T1/round6_jitter/light_T1_r6.pcapng,R6,350,3503.513781070709,0.0,0.608,0.23,0.16,0.002,Light_T1
/home/lmy/iot-device-classification/dataset/light_T1/round6_jitter/light_T1_r6.pcapng,R6,351,3511.307571411133,0.018,0.64,0.134,0.208,0.0,Light_T1
/home/lmy/iot-device-classification/dataset/light_T1/round6_jitter/light_T1_r6.pcapng,R6,352,3520.455633163452,0.004,0.83,0.06,0.106,0.0,Light_T1
/home/lmy/iot-device-classification/dataset/light_T1/round6_jitter/light_T1_r6.pcapng,R6,353,3533.241488456726,0.0,0.73,0.078,0.192,0.0,Light_T1
/home/lmy/iot-device-classification/dataset/light_T1/round6_jitter/light_T1_r6.pcapng,R6,354,3543.553201198578,0.002,0.666,0.164,0.168,0.0,Light_T1
/home/lmy/iot-device-classification/dataset/light_T1/round6_jitter/light_T1_r6.pcapng,R6,355,3550.4553582668304,0.002,0.834,0.066,0.098,0.0,Light_T1
/home/lmy/iot-device-classification/dataset/light_T1/round6_jitter/light_T1_r6.pcapng,R6,356,3563.572928905487,0.064,0.442,0.082,0.4,0.012,Light_T1
/home/lmy/iot-device-classification/dataset/light_T1/round6_jitter/light_T1_r6.pcapng,R6,357,3570.681350708008,0.0,0.68,0.118,0.202,0.0,Light_T1
/home/lmy/iot-device-classification/dataset/light_T1/round6_jitter/light_T1_r6.pcapng,R6,358,3581.08114027977,0.0,0.828,0.066,0.106,0.0,Light_T1
/home/lmy/iot-device-classification/dataset/light_T1/round6_jitter/light_T1_r6.pcapng,R6,359,3590.026632785797,0.006,0.628,0.184,0.182,0.0,Light_T1
/home/lmy/iot-device-classification/dataset/light_T1/round6_jitter/light_T1_r6.pcapng,R6,360,3601.8812112808228,0.004,0.706,0.096,0.194,0.0,Light_T1
/home/lmy/iot-device-classification/dataset/light_T1/round6_jitter/light_T1_r6.pcapng,R6,361,3610.201014757157,0.006,0.808,0.07,0.116,0.0,Light_T1
/home/lmy/iot-device-classification/dataset/light_T1/round6_jitter/light_T1_r6.pcapng,R6,362,3621.4549095630646,0.004,0.672,0.078,0.246,0.0,Light_T1
/home/lmy/iot-device-classification/dataset/light_T1/round6_jitter/light_T1_r6.pcapng,R6,363,3632.525155067444,0.002,0.678,0.15,0.17,0.0,Light_T1
/home/lmy/iot-device-classification/dataset/light_T1/round6_jitter/light_T1_r6.pcapng,R6,364,3641.403839588165,0.0,0.742,0.104,0.154,0.0,Light_T1
/home/lmy/iot-device-classification/dataset/light_T1/round6_jitter/light_T1_r6.pcapng,R6,365,3653.6635344028473,0.134,0.64,0.062,0.162,0.002,Light_T1
/home/lmy/iot-device-classification/dataset/light_T1/round6_jitter/light_T1_r6.pcapng,R6,366,3660.529095888138,0.0,0.684,0.112,0.204,0.0,Light_T1
/home/lmy/iot-device-classification/dataset/light_T1/round6_jitter/light_T1_r6.pcapng,R6,367,3670.443584442138,0.0,0.716,0.086,0.198,0.0,Light_T1
/home/lmy/iot-device-classification/dataset/light_T1/round6_jitter/light_T1_r6.pcapng,R6,368,3680.920939683914,0.002,0.672,0.09,0.236,0.0,Light_T1
/home/lmy/iot-device-classification/dataset/light_T1/round6_jitter/light_T1_r6.pcapng,R6,369,3692.1346504688254,0.014,0.752,0.098,0.134,0.002,Light_T1
/home/lmy/iot-device-classification/dataset/light_T1/round6_jitter/light_T1_r6.pcapng,R6,370,3700.455450534821,0.002,0.842,0.064,0.092,0.0,Light_T1
/home/lmy/iot-device-classification/dataset/light_T1/round6_jitter/light_T1_r6.pcapng,R6,371,3713.723541498184,0.004,0.644,0.168,0.184,0.0,Light_T1
/home/lmy/iot-device-classification/dataset/light_T1/round6_jitter/light_T1_r6.pcapng,R6,372,3723.733649015426,0.03,0.42,0.216,0.304,0.03,Light_T1
/home/lmy/iot-device-classification/dataset/light_T1/round6_jitter/light_T1_r6.pcapng,R6,373,3730.115439891815,0.0,0.836,0.044,0.12,0.0,Light_T1
/home/lmy/iot-device-classification/dataset/light_T1/round6_jitter/light_T1_r6.pcapng,R6,374,3743.753571271896,0.014,0.686,0.08,0.22,0.0,Light_T1
/home/lmy/iot-device-classification/dataset/light_T1/round6_jitter/light_T1_r6.pcapng,R6,375,3750.5217344760895,0.01,0.642,0.11,0.236,0.002,Light_T1
/home/lmy/iot-device-classification/dataset/light_T1/round6_jitter/light_T1_r6.pcapng,R6,376,3763.7729489803314,0.0,0.938,0.018,0.04,0.004,Light_T1
/home/lmy/iot-device-classification/dataset/light_T1/round6_jitter/light_T1_r6.pcapng,R6,377,3773.78418636322,0.008,0.784,0.098,0.11,0.0,Light_T1
/home/lmy/iot-device-classification/dataset/light_T1/round6_jitter/light_T1_r6.pcapng,R6,378,3780.156815052033,0.004,0.644,0.166,0.186,0.0,Light_T1
/home/lmy/iot-device-classification/dataset/light_T1/round6_jitter/light_T1_r6.pcapng,R6,379,3790.442428588867,0.006,0.836,0.084,0.074,0.0,Light_T1
/home/lmy/iot-device-classification/dataset/light_T1/round6_jitter/light_T1_r6.pcapng,R6,380,3803.813553094864,0.0,0.594,0.17,0.236,0.0,Light_T1
/home/lmy/iot-device-classification/dataset/light_T1/round6_jitter/light_T1_r6.pcapng,R6,381,3810.665239095688,0.0,0.72,0.126,0.154,0.0,Light_T1
/home/lmy/iot-device-classification/dataset/light_T1/round6_jitter/light_T1_r6.pcapng,R6,382,3820.279978275299,0.0,0.852,0.042,0.106,0.0,Light_T1
/home/lmy/iot-device-classification/dataset/light_T1/round6_jitter/light_T1_r6.pcapng,R6,383,3830.6810529232025,0.002,0.708,0.114,0.176,0.0,Light_T1
/home/lmy/iot-device-classification/dataset/light_T1/round6_jitter/light_T1_r6.pcapng,R6,384,3840.5722794532776,0.01,0.88,0.046,0.064,0.0,Light_T1
/home/lmy/iot-device-classification/dataset/light_T1/round6_jitter/light_T1_r6.pcapng,R6,385,3850.935511112213,0.0,0.862,0.054,0.084,0.0,Light_T1
/home/lmy/iot-device-classification/dataset/light_T1/round6_jitter/light_T1_r6.pcapng,R6,386,3861.880447864533,0.002,0.632,0.176,0.19,0.0,Light_T1
/home/lmy/iot-device-classification/dataset/light_T1/round6_jitter/light_T1_r6.pcapng,R6,387,3873.065786600113,0.004,0.784,0.108,0.104,0.0,Light_T1
/home/lmy/iot-device-classification/dataset/light_T1/round6_jitter/light_T1_r6.pcapng,R6,388,3880.4412496089935,0.002,0.82,0.076,0.1,0.002,Light_T1
/home/lmy/iot-device-classification/dataset/light_T1/round6_jitter/light_T1_r6.pcapng,R6,389,3893.081222295761,0.004,0.678,0.112,0.206,0.0,Light_T1
/home/lmy/iot-device-classification/dataset/light_T1/round6_jitter/light_T1_r6.pcapng,R6,390,3900.266498804093,0.002,0.514,0.352,0.13,0.002,Light_T1
/home/lmy/iot-device-classification/dataset/light_T1/round6_jitter/light_T1_r6.pcapng,R6,391,3910.454487323761,0.002,0.852,0.044,0.102,0.0,Light_T1
/home/lmy/iot-device-classification/dataset/light_T1/round6_jitter/light_T1_r6.pcapng,R6,392,3920.088895559311,0.002,0.804,0.084,0.11,0.0,Light_T1
/home/lmy/iot-device-classification/dataset/light_T1/round6_jitter/light_T1_r6.pcapng,R6,393,3930.0319998264313,0.018,0.648,0.06,0.272,0.002,Light_T1
/home/lmy/iot-device-classification/dataset/light_T1/round6_jitter/light_T1_r6.pcapng,R6,394,3940.375281810761,0.018,0.636,0.094,0.25,0.002,Light_T1
/home/lmy/iot-device-classification/dataset/light_xm/round6_jitter/light_xm_r6.pcapng,R6,0,0.0,0.0,0.516,0.366,0.116,0.002,Light_XM
/home/lmy/iot-device-classification/dataset/light_xm/round6_jitter/light_xm_r6.pcapng,R6,1,10.010474443435667,0.0,0.832,0.046,0.122,0.0,Light_XM
/home/lmy/iot-device-classification/dataset/light_xm/round6_jitter/light_xm_r6.pcapng,R6,2,20.021486043930054,0.0,0.718,0.152,0.13,0.0,Light_XM
/home/lmy/iot-device-classification/dataset/light_xm/round6_jitter/light_xm_r6.pcapng,R6,3,30.03001880645752,0.002,0.66,0.158,0.18,0.0,Light_XM
/home/lmy/iot-device-classification/dataset/light_xm/round6_jitter/light_xm_r6.pcapng,R6,4,40.04029750823975,0.0,0.834,0.078,0.088,0.0,Light_XM
/home/lmy/iot-device-classification/dataset/light_xm/round6_jitter/light_xm_r6.pcapng,R6,5,50.051284313201904,0.002,0.704,0.18,0.114,0.0,Light_XM
/home/lmy/iot-device-classification/dataset/light_xm/round6_jitter/light_xm_r6.pcapng,R6,6,60.0606062412262,0.002,0.582,0.23,0.186,0.0,Light_XM
/home/lmy/iot-device-classification/dataset/light_xm/round6_jitter/light_xm_r6.pcapng,R6,7,70.07333874702454,0.002,0.84,0.05,0.108,0.0,Light_XM
/home/lmy/iot-device-classification/dataset/light_xm/round6_jitter/light_xm_r6.pcapng,R6,8,80.08155798912048,0.002,0.624,0.236,0.138,0.0,Light_XM
/home/lmy/iot-device-classification/dataset/light_xm/round6_jitter/light_xm_r6.pcapng,R6,9,90.09055972099304,0.0,0.618,0.24,0.14,0.002,Light_XM
/home/lmy/iot-device-classification/dataset/light_xm/round6_jitter/light_xm_r6.pcapng,R6,10,100.101092338562,0.004,0.808,0.088,0.098,0.002,Light_XM
/home/lmy/iot-device-classification/dataset/light_xm/round6_jitter/light_xm_r6.pcapng,R6,11,110.11066913604736,0.01,0.714,0.112,0.164,0.0,Light_XM
/home/lmy/iot-device-classification/dataset/light_xm/round6_jitter/light_xm_r6.pcapng,R6,12,120.12481665611269,0.086,0.686,0.094,0.13,0.004,Light_XM
/home/lmy/iot-device-classification/dataset/light_xm/round6_jitter/light_xm_r6.pcapng,R6,13,130.13116931915283,0.002,0.864,0.036,0.098,0.0,Light_XM
/home/lmy/iot-device-classification/dataset/light_xm/round6_jitter/light_xm_r6.pcapng,R6,14,140.14078831672668,0.0,0.682,0.16,0.158,0.0,Light_XM
/home/lmy/iot-device-classification/dataset/light_xm/round6_jitter/light_xm_r6.pcapng,R6,15,150.15071201324463,0.004,0.626,0.208,0.162,0.0,Light_XM
/home/lmy/iot-device-classification/dataset/light_xm/round6_jitter/light_xm_r6.pcapng,R6,16,160.16162133216858,0.002,0.828,0.084,0.086,0.0,Light_XM
/home/lmy/iot-device-classification/dataset/light_xm/round6_jitter/light_xm_r6.pcapng,R6,17,170.1705927848816,0.014,0.72,0.132,0.132,0.002,Light_XM
/home/lmy/iot-device-classification/dataset/light_xm/round6_jitter/light_xm_r6.pcapng,R6,18,180.18085932731628,0.014,0.726,0.156,0.102,0.002,Light_XM
/home/lmy/iot-device-classification/dataset/light_xm/round6_jitter/light_xm_r6.pcapng,R6,19,190.19117522239685,0.138,0.624,0.034,0.198,0.006,Light_XM
/home/lmy/iot-device-classification/dataset/light_xm/round6_jitter/light_xm_r6.pcapng,R6,20,200.19845628738403,0.018,0.88,0.052,0.048,0.002,Light_XM
/home/lmy/iot-device-classification/dataset/light_xm/round6_jitter/light_xm_r6.pcapng,R6,21,210.2109699249268,0.108,0.562,0.128,0.2,0.002,Light_XM
/home/lmy/iot-device-classification/dataset/light_xm/round6_jitter/light_xm_r6.pcapng,R6,22,220.2210371494293,0.0,0.79,0.046,0.164,0.0,Light_XM
/home/lmy/iot-device-classification/dataset/light_xm/round6_jitter/light_xm_r6.pcapng,R6,23,230.23089122772217,0.006,0.742,0.148,0.104,0.0,Light_XM
/home/lmy/iot-device-classification/dataset/light_xm/round6_jitter/light_xm_r6.pcapng,R6,24,240.246595621109,0.038,0.706,0.136,0.118,0.002,Light_XM
/home/lmy/iot-device-classification/dataset/light_xm/round6_jitter/light_xm_r6.pcapng,R6,25,250.2511565685272,0.0,0.824,0.042,0.134,0.0,Light_XM
/home/lmy/iot-device-classification/dataset/light_xm/round6_jitter/light_xm_r6.pcapng,R6,26,260.2618429660797,0.03,0.482,0.046,0.438,0.004,Light_XM
/home/lmy/iot-device-classification/dataset/light_xm/round6_jitter/light_xm_r6.pcapng,R6,27,270.27113008499146,0.008,0.77,0.144,0.076,0.002,Light_XM
/home/lmy/iot-device-classification/dataset/light_xm/round6_jitter/light_xm_r6.pcapng,R6,28,280.2820723056793,0.094,0.768,0.05,0.082,0.006,Light_XM
/home/lmy/iot-device-classification/dataset/light_xm/round6_jitter/light_xm_r6.pcapng,R6,29,290.2917857170105,0.006,0.802,0.142,0.05,0.0,Light_XM
/home/lmy/iot-device-classification/dataset/light_xm/round6_jitter/light_xm_r6.pcapng,R6,30,300.3051292896271,0.008,0.63,0.18,0.178,0.004,Light_XM
/home/lmy/iot-device-classification/dataset/light_xm/round6_jitter/light_xm_r6.pcapng,R6,31,310.3141760826111,0.056,0.638,0.102,0.2,0.004,Light_XM
/home/lmy/iot-device-classification/dataset/light_xm/round6_jitter/light_xm_r6.pcapng,R6,32,320.32412099838257,0.024,0.488,0.054,0.432,0.002,Light_XM
/home/lmy/iot-device-classification/dataset/light_xm/round6_jitter/light_xm_r6.pcapng,R6,33,330.33216547966003,0.016,0.6,0.264,0.118,0.002,Light_XM
/home/lmy/iot-device-classification/dataset/light_xm/round6_jitter/light_xm_r6.pcapng,R6,34,340.3415484428406,0.004,0.842,0.038,0.116,0.0,Light_XM
/home/lmy/iot-device-classification/dataset/light_xm/round6_jitter/light_xm_r6.pcapng,R6,35,350.3542582988739,0.0,0.742,0.154,0.104,0.0,Light_XM
/home/lmy/iot-device-classification/dataset/light_xm/round6_jitter/light_xm_r6.pcapng,R6,36,360.365416765213,0.012,0.774,0.122,0.092,0.0,Light_XM
/home/lmy/iot-device-classification/dataset/light_xm/round6_jitter/light_xm_r6.pcapng,R6,37,370.3713812828064,0.002,0.842,0.068,0.088,0.0,Light_XM
/home/lmy/iot-device-classification/dataset/light_xm/round6_jitter/light_xm_r6.pcapng,R6,38,380.3829095363617,0.008,0.752,0.154,0.086,0.0,Light_XM
/home/lmy/iot-device-classification/dataset/light_xm/round6_jitter/light_xm_r6.pcapng,R6,39,390.3945300579071,0.0,0.644,0.192,0.164,0.0,Light_XM
/home/lmy/iot-device-classification/dataset/light_xm/round6_jitter/light_xm_r6.pcapng,R6,40,400.4028885364533,0.0,0.826,0.086,0.088,0.0,Light_XM
/home/lmy/iot-device-classification/dataset/light_xm/round6_jitter/light_xm_r6.pcapng,R6,41,410.41171288490295,0.008,0.726,0.134,0.132,0.0,Light_XM
/home/lmy/iot-device-classification/dataset/light_xm/round6_jitter/light_xm_r6.pcapng,R6,42,420.4215450286865,0.0,0.662,0.148,0.19,0.0,Light_XM
/home/lmy/iot-device-classification/dataset/light_xm/round6_jitter/light_xm_r6.pcapng,R6,43,430.4317214488983,0.05,0.694,0.028,0.222,0.006,Light_XM
/home/lmy/iot-device-classification/dataset/light_xm/round6_jitter/light_xm_r6.pcapng,R6,44,440.4421799182892,0.018,0.624,0.282,0.074,0.002,Light_XM
/home/lmy/iot-device-classification/dataset/light_xm/round6_jitter/light_xm_r6.pcapng,R6,45,450.4523274898529,0.002,0.638,0.21,0.148,0.002,Light_XM
/home/lmy/iot-device-classification/dataset/light_xm/round6_jitter/light_xm_r6.pcapng,R6,46,460.2777683734894,0.002,0.846,0.056,0.096,0.0,Light_XM
/home/lmy/iot-device-classification/dataset/light_xm/round6_jitter/light_xm_r6.pcapng,R6,47,470.4719388484955,0.0,0.63,0.21,0.16,0.0,Light_XM
/home/lmy/iot-device-classification/dataset/light_xm/round6_jitter/light_xm_r6.pcapng,R6,48,480.48231172561646,0.008,0.728,0.136,0.128,0.0,Light_XM
/home/lmy/iot-device-classification/dataset/light_xm/round6_jitter/light_xm_r6.pcapng,R6,49,490.4925186634064,0.0,0.854,0.074,0.072,0.0,Light_XM
/home/lmy/iot-device-classification/dataset/light_xm/round6_jitter/light_xm_r6.pcapng,R6,50,500.5017411708832,0.014,0.73,0.134,0.122,0.0,Light_XM
/home/lmy/iot-device-classification/dataset/light_xm/round6_jitter/light_xm_r6.pcapng,R6,51,510.5125761032105,0.022,0.66,0.01,0.308,0.0,Light_XM
/home/lmy/iot-device-classification/dataset/light_xm/round6_jitter/light_xm_r6.pcapng,R6,52,520.2975339889526,0.002,0.836,0.084,0.078,0.0,Light_XM
/home/lmy/iot-device-classification/dataset/light_xm/round6_jitter/light_xm_r6.pcapng,R6,53,530.5320706367493,0.014,0.746,0.132,0.108,0.0,Light_XM
/home/lmy/iot-device-classification/dataset/light_xm/round6_jitter/light_xm_r6.pcapng,R6,54,540.5441589355469,0.008,0.766,0.074,0.152,0.0,Light_XM
/home/lmy/iot-device-classification/dataset/light_xm/round6_jitter/light_xm_r6.pcapng,R6,55,550.2586448192596,0.004,0.792,0.082,0.122,0.0,Light_XM
/home/lmy/iot-device-classification/dataset/light_xm/round6_jitter/light_xm_r6.pcapng,R6,56,560.5627686977386,0.004,0.658,0.09,0.248,0.0,Light_XM
/home/lmy/iot-device-classification/dataset/light_xm/round6_jitter/light_xm_r6.pcapng,R6,57,570.5730152130127,0.006,0.638,0.092,0.264,0.0,Light_XM
/home/lmy/iot-device-classification/dataset/light_xm/round6_jitter/light_xm_r6.pcapng,R6,58,580.5824582576752,0.002,0.814,0.048,0.136,0.0,Light_XM
/home/lmy/iot-device-classification/dataset/light_xm/round6_jitter/light_xm_r6.pcapng,R6,59,590.5925731658936,0.002,0.66,0.164,0.174,0.0,Light_XM
/home/lmy/iot-device-classification/dataset/light_xm/round6_jitter/light_xm_r6.pcapng,R6,60,600.6027579307556,0.0,0.666,0.18,0.154,0.0,Light_XM
/home/lmy/iot-device-classification/dataset/light_xm/round6_jitter/light_xm_r6.pcapng,R6,61,610.6126711368561,0.002,0.724,0.084,0.19,0.0,Light_XM
/home/lmy/iot-device-classification/dataset/light_xm/round6_jitter/light_xm_r6.pcapng,R6,62,620.622353553772,0.004,0.65,0.18,0.166,0.0,Light_XM
/home/lmy/iot-device-classification/dataset/light_xm/round6_jitter/light_xm_r6.pcapng,R6,63,630.633095741272,0.02,0.698,0.184,0.096,0.002,Light_XM
/home/lmy/iot-device-classification/dataset/light_xm/round6_jitter/light_xm_r6.pcapng,R6,64,640.6431348323822,0.154,0.67,0.038,0.126,0.012,Light_XM
/home/lmy/iot-device-classification/dataset/light_xm/round6_jitter/light_xm_r6.pcapng,R6,65,650.5937204360962,0.004,0.682,0.176,0.138,0.0,Light_XM
/home/lmy/iot-device-classification/dataset/light_xm/round6_jitter/light_xm_r6.pcapng,R6,66,660.6628108024597,0.0,0.636,0.22,0.144,0.0,Light_XM
/home/lmy/iot-device-classification/dataset/light_xm/round6_jitter/light_xm_r6.pcapng,R6,67,670.673290014267,0.0,0.774,0.05,0.176,0.0,Light_XM
/home/lmy/iot-device-classification/dataset/light_xm/round6_jitter/light_xm_r6.pcapng,R6,68,680.6829078197479,0.008,0.646,0.166,0.178,0.002,Light_XM
/home/lmy/iot-device-classification/dataset/light_xm/round6_jitter/light_xm_r6.pcapng,R6,69,690.6935412883759,0.008,0.558,0.024,0.41,0.0,Light_XM
/home/lmy/iot-device-classification/dataset/light_xm/round6_jitter/light_xm_r6.pcapng,R6,70,700.702244758606,0.002,0.698,0.114,0.186,0.0,Light_XM
/home/lmy/iot-device-classification/dataset/light_xm/round6_jitter/light_xm_r6.pcapng,R6,71,710.7139513492584,0.006,0.576,0.28,0.138,0.0,Light_XM
/home/lmy/iot-device-classification/dataset/light_xm/round6_jitter/light_xm_r6.pcapng,R6,72,720.72327876091,0.006,0.61,0.228,0.156,0.0,Light_XM
/home/lmy/iot-device-classification/dataset/light_xm/round6_jitter/light_xm_r6.pcapng,R6,73,730.7334065437317,0.004,0.806,0.082,0.108,0.0,Light_XM
/home/lmy/iot-device-classification/dataset/light_xm/round6_jitter/light_xm_r6.pcapng,R6,74,740.0769321918488,0.042,0.546,0.05,0.346,0.016,Light_XM
/home/lmy/iot-device-classification/dataset/light_xm/round6_jitter/light_xm_r6.pcapng,R6,75,750.7546737194061,0.002,0.642,0.17,0.186,0.0,Light_XM
/home/lmy/iot-device-classification/dataset/light_xm/round6_jitter/light_xm_r6.pcapng,R6,76,760.7635707855225,0.0,0.84,0.06,0.1,0.0,Light_XM
/home/lmy/iot-device-classification/dataset/light_xm/round6_jitter/light_xm_r6.pcapng,R6,77,770.6516103744507,0.008,0.774,0.122,0.096,0.0,Light_XM
/home/lmy/iot-device-classification/dataset/light_xm/round6_jitter/light_xm_r6.pcapng,R6,78,780.115229845047,0.012,0.746,0.132,0.108,0.002,Light_XM
/home/lmy/iot-device-classification/dataset/light_xm/round6_jitter/light_xm_r6.pcapng,R6,79,790.7408344745636,0.004,0.828,0.08,0.088,0.0,Light_XM
/home/lmy/iot-device-classification/dataset/light_xm/round6_jitter/light_xm_r6.pcapng,R6,80,800.4604959487915,0.008,0.732,0.136,0.124,0.0,Light_XM
/home/lmy/iot-device-classification/dataset/light_xm/round6_jitter/light_xm_r6.pcapng,R6,81,810.2566828727722,0.0,0.664,0.132,0.204,0.0,Light_XM
/home/lmy/iot-device-classification/dataset/light_xm/round6_jitter/light_xm_r6.pcapng,R6,82,820.7367267608643,0.004,0.702,0.122,0.172,0.0,Light_XM
/home/lmy/iot-device-classification/dataset/light_xm/round6_jitter/light_xm_r6.pcapng,R6,83,830.8343217372894,0.008,0.718,0.16,0.114,0.0,Light_XM
/home/lmy/iot-device-classification/dataset/light_xm/round6_jitter/light_xm_r6.pcapng,R6,84,840.8440308570862,0.0,0.662,0.164,0.174,0.0,Light_XM
/home/lmy/iot-device-classification/dataset/light_xm/round6_jitter/light_xm_r6.pcapng,R6,85,850.8540592193604,0.0,0.71,0.07,0.22,0.0,Light_XM
/home/lmy/iot-device-classification/dataset/light_xm/round6_jitter/light_xm_r6.pcapng,R6,86,860.864358663559,0.014,0.662,0.018,0.306,0.0,Light_XM
/home/lmy/iot-device-classification/dataset/light_xm/round6_jitter/light_xm_r6.pcapng,R6,87,870.2056570053101,0.154,0.634,0.114,0.096,0.002,Light_XM
/home/lmy/iot-device-classification/dataset/light_xm/round6_jitter/light_xm_r6.pcapng,R6,88,880.5551731586456,0.002,0.71,0.142,0.146,0.0,Light_XM
/home/lmy/iot-device-classification/dataset/light_xm/round6_jitter/light_xm_r6.pcapng,R6,89,890.894040107727,0.042,0.66,0.186,0.11,0.002,Light_XM
/home/lmy/iot-device-classification/dataset/light_xm/round6_jitter/light_xm_r6.pcapng,R6,90,900.8761489391328,0.0,0.678,0.174,0.148,0.0,Light_XM
/home/lmy/iot-device-classification/dataset/light_xm/round6_jitter/light_xm_r6.pcapng,R6,91,910.9150547981262,0.006,0.796,0.068,0.13,0.0,Light_XM
/home/lmy/iot-device-classification/dataset/light_xm/round6_jitter/light_xm_r6.pcapng,R6,92,920.9240748882294,0.018,0.686,0.222,0.072,0.002,Light_XM
/home/lmy/iot-device-classification/dataset/light_xm/round6_jitter/light_xm_r6.pcapng,R6,93,930.9340336322784,0.028,0.614,0.28,0.076,0.002,Light_XM
/home/lmy/iot-device-classification/dataset/light_xm/round6_jitter/light_xm_r6.pcapng,R6,94,940.0363838672638,0.004,0.944,0.008,0.044,0.0,Light_XM
/home/lmy/iot-device-classification/dataset/light_xm/round6_jitter/light_xm_r6.pcapng,R6,95,950.9541444778442,0.012,0.71,0.106,0.172,0.0,Light_XM
/home/lmy/iot-device-classification/dataset/light_xm/round6_jitter/light_xm_r6.pcapng,R6,96,960.9644639492036,0.14,0.69,0.032,0.134,0.004,Light_XM
/home/lmy/iot-device-classification/dataset/light_xm/round6_jitter/light_xm_r6.pcapng,R6,97,970.9746627807616,0.0,0.86,0.04,0.1,0.0,Light_XM
/home/lmy/iot-device-classification/dataset/light_xm/round6_jitter/light_xm_r6.pcapng,R6,98,980.9845535755156,0.014,0.616,0.284,0.084,0.002,Light_XM
/home/lmy/iot-device-classification/dataset/light_xm/round6_jitter/light_xm_r6.pcapng,R6,99,990.9958608150482,0.012,0.864,0.082,0.042,0.0,Light_XM
/home/lmy/iot-device-classification/dataset/light_xm/round6_jitter/light_xm_r6.pcapng,R6,100,1001.0044713020324,0.004,0.824,0.07,0.102,0.0,Light_XM
/home/lmy/iot-device-classification/dataset/light_xm/round6_jitter/light_xm_r6.pcapng,R6,101,1011.0149075984956,0.01,0.744,0.092,0.154,0.0,Light_XM
/home/lmy/iot-device-classification/dataset/light_xm/round6_jitter/light_xm_r6.pcapng,R6,102,1021.0244591236116,0.02,0.666,0.214,0.098,0.002,Light_XM
/home/lmy/iot-device-classification/dataset/light_xm/round6_jitter/light_xm_r6.pcapng,R6,103,1030.0162527561188,0.002,0.89,0.006,0.102,0.0,Light_XM
/home/lmy/iot-device-classification/dataset/light_xm/round6_jitter/light_xm_r6.pcapng,R6,104,1040.2100265026093,0.004,0.656,0.16,0.18,0.0,Light_XM
/home/lmy/iot-device-classification/dataset/light_xm/round6_jitter/light_xm_r6.pcapng,R6,105,1050.310589313507,0.006,0.676,0.146,0.172,0.0,Light_XM
/home/lmy/iot-device-classification/dataset/light_xm/round6_jitter/light_xm_r6.pcapng,R6,106,1061.0644598007202,0.002,0.776,0.098,0.124,0.0,Light_XM
/home/lmy/iot-device-classification/dataset/light_xm/round6_jitter/light_xm_r6.pcapng,R6,107,1070.6686384677887,0.01,0.782,0.084,0.124,0.0,Light_XM
/home/lmy/iot-device-classification/dataset/light_xm/round6_jitter/light_xm_r6.pcapng,R6,108,1081.0849678516388,0.002,0.82,0.124,0.054,0.0,Light_XM
/home/lmy/iot-device-classification/dataset/light_xm/round6_jitter/light_xm_r6.pcapng,R6,109,1091.0946855545044,0.008,0.798,0.084,0.11,0.0,Light_XM
/home/lmy/iot-device-classification/dataset/light_xm/round6_jitter/light_xm_r6.pcapng,R6,110,1101.105446100235,0.066,0.588,0.096,0.246,0.004,Light_XM
/home/lmy/iot-device-classification/dataset/light_xm/round6_jitter/light_xm_r6.pcapng,R6,111,1110.133777141571,0.006,0.768,0.13,0.096,0.0,Light_XM
/home/lmy/iot-device-classification/dataset/light_xm/round6_jitter/light_xm_r6.pcapng,R6,112,1121.125637292862,0.058,0.726,0.026,0.184,0.006,Light_XM
/home/lmy/iot-device-classification/dataset/light_xm/round6_jitter/light_xm_r6.pcapng,R6,113,1130.997355222702,0.01,0.714,0.166,0.11,0.0,Light_XM
/home/lmy/iot-device-classification/dataset/light_xm/round6_jitter/light_xm_r6.pcapng,R6,114,1140.3573999404907,0.002,0.69,0.144,0.164,0.0,Light_XM
/home/lmy/iot-device-classification/dataset/light_xm/round6_jitter/light_xm_r6.pcapng,R6,115,1150.0748739242554,0.002,0.848,0.054,0.096,0.0,Light_XM
/home/lmy/iot-device-classification/dataset/light_xm/round6_jitter/light_xm_r6.pcapng,R6,116,1160.0333247184751,0.0,0.708,0.152,0.14,0.0,Light_XM
/home/lmy/iot-device-classification/dataset/light_xm/round6_jitter/light_xm_r6.pcapng,R6,117,1171.174519777298,0.056,0.614,0.144,0.182,0.004,Light_XM
/home/lmy/iot-device-classification/dataset/light_xm/round6_jitter/light_xm_r6.pcapng,R6,118,1180.4927535057068,0.1,0.778,0.028,0.09,0.004,Light_XM
/home/lmy/iot-device-classification/dataset/light_xm/round6_jitter/light_xm_r6.pcapng,R6,119,1190.2521846294403,0.024,0.6,0.092,0.282,0.002,Light_XM
/home/lmy/iot-device-classification/dataset/light_xm/round6_jitter/light_xm_r6.pcapng,R6,120,1200.1360256671906,0.01,0.74,0.13,0.12,0.0,Light_XM
/home/lmy/iot-device-classification/dataset/light_xm/round6_jitter/light_xm_r6.pcapng,R6,121,1210.016072511673,0.004,0.934,0.004,0.058,0.0,Light_XM
/home/lmy/iot-device-classification/dataset/light_xm/round6_jitter/light_xm_r6.pcapng,R6,122,1220.4277777671814,0.128,0.62,0.068,0.182,0.002,Light_XM
/home/lmy/iot-device-classification/dataset/light_xm/round6_jitter/light_xm_r6.pcapng,R6,123,1231.2346954345703,0.0,0.658,0.152,0.19,0.0,Light_XM
/home/lmy/iot-device-classification/dataset/light_xm/round6_jitter/light_xm_r6.pcapng,R6,124,1241.2444088459015,0.004,0.822,0.082,0.092,0.0,Light_XM
/home/lmy/iot-device-classification/dataset/light_xm/round6_jitter/light_xm_r6.pcapng,R6,125,1251.2544376850128,0.0,0.59,0.21,0.2,0.0,Light_XM
/home/lmy/iot-device-classification/dataset/light_xm/round6_jitter/light_xm_r6.pcapng,R6,126,1261.2641232013702,0.032,0.618,0.174,0.174,0.002,Light_XM
/home/lmy/iot-device-classification/dataset/light_xm/round6_jitter/light_xm_r6.pcapng,R6,127,1271.2743091583252,0.0,0.79,0.11,0.1,0.0,Light_XM
/home/lmy/iot-device-classification/dataset/light_xm/round6_jitter/light_xm_r6.pcapng,R6,128,1281.286484003067,0.002,0.636,0.202,0.16,0.0,Light_XM
/home/lmy/iot-device-classification/dataset/light_xm/round6_jitter/light_xm_r6.pcapng,R6,129,1291.1473009586334,0.0,0.652,0.166,0.182,0.0,Light_XM
/home/lmy/iot-device-classification/dataset/light_xm/round6_jitter/light_xm_r6.pcapng,R6,130,1301.305320978165,0.002,0.83,0.02,0.148,0.0,Light_XM
/home/lmy/iot-device-classification/dataset/light_xm/round6_jitter/light_xm_r6.pcapng,R6,131,1310.0951707363129,0.022,0.522,0.184,0.26,0.012,Light_XM
/home/lmy/iot-device-classification/dataset/light_xm/round6_jitter/light_xm_r6.pcapng,R6,132,1320.0199663639069,0.0,0.654,0.168,0.178,0.0,Light_XM
/home/lmy/iot-device-classification/dataset/light_xm/round6_jitter/light_xm_r6.pcapng,R6,133,1331.3343586921692,0.002,0.85,0.042,0.106,0.0,Light_XM
/home/lmy/iot-device-classification/dataset/light_xm/round6_jitter/light_xm_r6.pcapng,R6,134,1341.344106912613,0.004,0.646,0.128,0.222,0.0,Light_XM
/home/lmy/iot-device-classification/dataset/light_xm/round6_jitter/light_xm_r6.pcapng,R6,135,1351.3550448417664,0.046,0.644,0.122,0.184,0.004,Light_XM
/home/lmy/iot-device-classification/dataset/light_xm/round6_jitter/light_xm_r6.pcapng,R6,136,1361.3326108455658,0.008,0.818,0.08,0.094,0.0,Light_XM
/home/lmy/iot-device-classification/dataset/light_xm/round6_jitter/light_xm_r6.pcapng,R6,137,1371.3742320537567,0.012,0.774,0.096,0.118,0.0,Light_XM
/home/lmy/iot-device-classification/dataset/light_xm/round6_jitter/light_xm_r6.pcapng,R6,138,1380.7124950885773,0.006,0.776,0.126,0.092,0.0,Light_XM
/home/lmy/iot-device-classification/dataset/light_xm/round6_jitter/light_xm_r6.pcapng,R6,139,1390.9883887767792,0.0,0.844,0.074,0.082,0.0,Light_XM
/home/lmy/iot-device-classification/dataset/light_xm/round6_jitter/light_xm_r6.pcapng,R6,140,1401.387041568756,0.004,0.656,0.176,0.164,0.0,Light_XM
/home/lmy/iot-device-classification/dataset/light_xm/round6_jitter/light_xm_r6.pcapng,R6,141,1411.4146823883057,0.014,0.744,0.134,0.108,0.0,Light_XM
/home/lmy/iot-device-classification/dataset/light_xm/round6_jitter/light_xm_r6.pcapng,R6,142,1421.4244792461395,0.004,0.834,0.018,0.144,0.0,Light_XM
/home/lmy/iot-device-classification/dataset/light_xm/round6_jitter/light_xm_r6.pcapng,R6,143,1430.507080078125,0.006,0.614,0.186,0.194,0.0,Light_XM
/home/lmy/iot-device-classification/dataset/light_xm/round6_jitter/light_xm_r6.pcapng,R6,144,1440.9065821170807,0.024,0.62,0.098,0.256,0.002,Light_XM
/home/lmy/iot-device-classification/dataset/light_xm/round6_jitter/light_xm_r6.pcapng,R6,145,1451.4541285037994,0.004,0.816,0.09,0.09,0.0,Light_XM
/home/lmy/iot-device-classification/dataset/light_xm/round6_jitter/light_xm_r6.pcapng,R6,146,1461.464273929596,0.036,0.53,0.09,0.342,0.002,Light_XM
/home/lmy/iot-device-classification/dataset/light_xm/round6_jitter/light_xm_r6.pcapng,R6,147,1471.4741041660309,0.018,0.586,0.3,0.094,0.002,Light_XM
/home/lmy/iot-device-classification/dataset/light_xm/round6_jitter/light_xm_r6.pcapng,R6,148,1481.483922958374,0.01,0.882,0.072,0.036,0.0,Light_XM
/home/lmy/iot-device-classification/dataset/light_xm/round6_jitter/light_xm_r6.pcapng,R6,149,1491.494327545166,0.016,0.742,0.144,0.098,0.0,Light_XM
/home/lmy/iot-device-classification/dataset/light_xm/round6_jitter/light_xm_r6.pcapng,R6,150,1501.0523917675018,0.01,0.732,0.038,0.22,0.0,Light_XM
/home/lmy/iot-device-classification/dataset/light_xm/round6_jitter/light_xm_r6.pcapng,R6,151,1510.3040087223053,0.004,0.828,0.05,0.118,0.0,Light_XM
/home/lmy/iot-device-classification/dataset/light_xm/round6_jitter/light_xm_r6.pcapng,R6,152,1521.1651499271393,0.044,0.532,0.032,0.382,0.01,Light_XM
/home/lmy/iot-device-classification/dataset/light_xm/round6_jitter/light_xm_r6.pcapng,R6,153,1531.5339229106903,0.0,0.644,0.134,0.222,0.0,Light_XM
/home/lmy/iot-device-classification/dataset/light_xm/round6_jitter/light_xm_r6.pcapng,R6,154,1540.3985087871552,0.002,0.826,0.092,0.08,0.0,Light_XM
/home/lmy/iot-device-classification/dataset/light_xm/round6_jitter/light_xm_r6.pcapng,R6,155,1550.1942064762115,0.034,0.53,0.076,0.358,0.002,Light_XM
/home/lmy/iot-device-classification/dataset/light_xm/round6_jitter/light_xm_r6.pcapng,R6,156,1560.538090467453,0.002,0.758,0.124,0.114,0.002,Light_XM
/home/lmy/iot-device-classification/dataset/light_xm/round6_jitter/light_xm_r6.pcapng,R6,157,1571.5745332241058,0.0,0.858,0.05,0.092,0.0,Light_XM
/home/lmy/iot-device-classification/dataset/light_xm/round6_jitter/light_xm_r6.pcapng,R6,158,1580.2772388458252,0.0,0.616,0.202,0.182,0.0,Light_XM
/home/lmy/iot-device-classification/dataset/light_xm/round6_jitter/light_xm_r6.pcapng,R6,159,1590.7584755420685,0.0,0.67,0.168,0.162,0.0,Light_XM
/home/lmy/iot-device-classification/dataset/light_xm/round6_jitter/light_xm_r6.pcapng,R6,160,1600.130667924881,0.008,0.932,0.012,0.048,0.0,Light_XM
/home/lmy/iot-device-classification/dataset/light_xm/round6_jitter/light_xm_r6.pcapng,R6,161,1610.0349717140198,0.002,0.636,0.206,0.156,0.0,Light_XM
/home/lmy/iot-device-classification/dataset/light_xm/round6_jitter/light_xm_r6.pcapng,R6,162,1620.9525609016418,0.004,0.478,0.288,0.226,0.004,Light_XM
/home/lmy/iot-device-classification/dataset/light_xm/round6_jitter/light_xm_r6.pcapng,R6,163,1631.048481464386,0.0,0.774,0.104,0.122,0.0,Light_XM
/home/lmy/iot-device-classification/dataset/light_xm/round6_jitter/light_xm_r6.pcapng,R6,164,1640.877270936966,0.0,0.614,0.258,0.128,0.0,Light_XM
/home/lmy/iot-device-classification/dataset/light_xm/round6_jitter/light_xm_r6.pcapng,R6,165,1651.1547329425812,0.0,0.634,0.188,0.178,0.0,Light_XM
/home/lmy/iot-device-classification/dataset/light_xm/round6_jitter/light_xm_r6.pcapng,R6,166,1660.4748208522797,0.0,0.738,0.04,0.222,0.0,Light_XM
/home/lmy/iot-device-classification/dataset/light_xm/round6_jitter/light_xm_r6.pcapng,R6,167,1670.2707211971283,0.01,0.598,0.212,0.18,0.0,Light_XM
/home/lmy/iot-device-classification/dataset/light_xm/round6_jitter/light_xm_r6.pcapng,R6,168,1681.2735123634338,0.0,0.65,0.144,0.206,0.0,Light_XM
/home/lmy/iot-device-classification/dataset/light_xm/round6_jitter/light_xm_r6.pcapng,R6,169,1690.133112192154,0.0,0.832,0.036,0.132,0.0,Light_XM
/home/lmy/iot-device-classification/dataset/light_xm/round6_jitter/light_xm_r6.pcapng,R6,170,1701.528273105621,0.004,0.594,0.182,0.218,0.002,Light_XM
/home/lmy/iot-device-classification/dataset/light_xm/round6_jitter/light_xm_r6.pcapng,R6,171,1711.3058395385742,0.0,0.64,0.188,0.172,0.0,Light_XM
/home/lmy/iot-device-classification/dataset/light_xm/round6_jitter/light_xm_r6.pcapng,R6,172,1721.7055292129517,0.002,0.828,0.086,0.084,0.0,Light_XM
/home/lmy/iot-device-classification/dataset/light_xm/round6_jitter/light_xm_r6.pcapng,R6,173,1731.734169960022,0.004,0.76,0.13,0.106,0.0,Light_XM
/home/lmy/iot-device-classification/dataset/light_xm/round6_jitter/light_xm_r6.pcapng,R6,174,1741.744616508484,0.074,0.508,0.046,0.366,0.006,Light_XM
/home/lmy/iot-device-classification/dataset/light_xm/round6_jitter/light_xm_r6.pcapng,R6,175,1751.7540724277496,0.0,0.7,0.114,0.186,0.0,Light_XM
/home/lmy/iot-device-classification/dataset/light_xm/round6_jitter/light_xm_r6.pcapng,R6,176,1761.7644731998444,0.002,0.658,0.158,0.182,0.0,Light_XM
/home/lmy/iot-device-classification/dataset/light_xm/round6_jitter/light_xm_r6.pcapng,R6,177,1771.7778947353363,0.054,0.734,0.09,0.12,0.002,Light_XM
/home/lmy/iot-device-classification/dataset/light_xm/round6_jitter/light_xm_r6.pcapng,R6,178,1781.784443616867,0.004,0.83,0.082,0.084,0.0,Light_XM
/home/lmy/iot-device-classification/dataset/light_xm/round6_jitter/light_xm_r6.pcapng,R6,179,1791.3731534481049,0.002,0.67,0.112,0.216,0.0,Light_XM
/home/lmy/iot-device-classification/dataset/light_xm/round6_jitter/light_xm_r6.pcapng,R6,180,1801.8066279888155,0.0,0.682,0.184,0.134,0.0,Light_XM
/home/lmy/iot-device-classification/dataset/light_xm/round6_jitter/light_xm_r6.pcapng,R6,181,1810.2508676052091,0.014,0.794,0.106,0.086,0.0,Light_XM
/home/lmy/iot-device-classification/dataset/light_xm/round6_jitter/light_xm_r6.pcapng,R6,182,1821.82513833046,0.002,0.68,0.172,0.146,0.0,Light_XM
/home/lmy/iot-device-classification/dataset/light_xm/round6_jitter/light_xm_r6.pcapng,R6,183,1831.8351068496704,0.0,0.646,0.2,0.154,0.0,Light_XM
/home/lmy/iot-device-classification/dataset/light_xm/round6_jitter/light_xm_r6.pcapng,R6,184,1841.8446311950684,0.0,0.704,0.154,0.142,0.0,Light_XM
/home/lmy/iot-device-classification/dataset/light_xm/round6_jitter/light_xm_r6.pcapng,R6,185,1851.8545134067533,0.006,0.74,0.12,0.134,0.0,Light_XM
/home/lmy/iot-device-classification/dataset/light_xm/round6_jitter/light_xm_r6.pcapng,R6,186,1860.81037569046,0.006,0.668,0.092,0.234,0.0,Light_XM
/home/lmy/iot-device-classification/dataset/light_xm/round6_jitter/light_xm_r6.pcapng,R6,187,1870.1117327213287,0.028,0.638,0.03,0.3,0.004,Light_XM
/home/lmy/iot-device-classification/dataset/light_xm/round6_jitter/light_xm_r6.pcapng,R6,188,1881.8874304294584,0.054,0.778,0.094,0.072,0.002,Light_XM
/home/lmy/iot-device-classification/dataset/light_xm/round6_jitter/light_xm_r6.pcapng,R6,189,1891.8986356258392,0.006,0.726,0.164,0.104,0.0,Light_XM
/home/lmy/iot-device-classification/dataset/light_xm/round6_jitter/light_xm_r6.pcapng,R6,190,1901.9055984020235,0.09,0.802,0.026,0.076,0.006,Light_XM
/home/lmy/iot-device-classification/dataset/light_xm/round6_jitter/light_xm_r6.pcapng,R6,191,1910.969912528992,0.012,0.732,0.122,0.134,0.0,Light_XM
/home/lmy/iot-device-classification/dataset/light_xm/round6_jitter/light_xm_r6.pcapng,R6,192,1921.1276059150696,0.012,0.476,0.028,0.48,0.004,Light_XM
/home/lmy/iot-device-classification/dataset/light_xm/round6_jitter/light_xm_r6.pcapng,R6,193,1931.936616897583,0.0,0.826,0.054,0.12,0.0,Light_XM
/home/lmy/iot-device-classification/dataset/light_xm/round6_jitter/light_xm_r6.pcapng,R6,194,1941.945225954056,0.004,0.776,0.102,0.116,0.002,Light_XM
/home/lmy/iot-device-classification/dataset/light_xm/round6_jitter/light_xm_r6.pcapng,R6,195,1951.957572937012,0.042,0.724,0.106,0.126,0.002,Light_XM
/home/lmy/iot-device-classification/dataset/light_xm/round6_jitter/light_xm_r6.pcapng,R6,196,1961.9298911094663,0.0,0.84,0.078,0.082,0.0,Light_XM
/home/lmy/iot-device-classification/dataset/light_xm/round6_jitter/light_xm_r6.pcapng,R6,197,1971.9753663539889,0.138,0.644,0.082,0.134,0.002,Light_XM
/home/lmy/iot-device-classification/dataset/light_xm/round6_jitter/light_xm_r6.pcapng,R6,198,1980.0251381397247,0.006,0.762,0.156,0.076,0.0,Light_XM
/home/lmy/iot-device-classification/dataset/light_xm/round6_jitter/light_xm_r6.pcapng,R6,199,1991.9954369068143,0.004,0.816,0.098,0.082,0.0,Light_XM
/home/lmy/iot-device-classification/dataset/light_xm/round6_jitter/light_xm_r6.pcapng,R6,200,2002.1199760437007,0.014,0.754,0.118,0.114,0.0,Light_XM
/home/lmy/iot-device-classification/dataset/light_xm/round6_jitter/light_xm_r6.pcapng,R6,201,2012.0159635543823,0.006,0.764,0.118,0.112,0.0,Light_XM
/home/lmy/iot-device-classification/dataset/light_xm/round6_jitter/light_xm_r6.pcapng,R6,202,2020.0126180648804,0.1,0.64,0.026,0.224,0.01,Light_XM
/home/lmy/iot-device-classification/dataset/light_xm/round6_jitter/light_xm_r6.pcapng,R6,203,2030.6286406517029,0.058,0.686,0.088,0.166,0.002,Light_XM
/home/lmy/iot-device-classification/dataset/light_xm/round6_jitter/light_xm_r6.pcapng,R6,204,2041.6138365268707,0.036,0.688,0.142,0.128,0.006,Light_XM
/home/lmy/iot-device-classification/dataset/light_xm/round6_jitter/light_xm_r6.pcapng,R6,205,2050.707040309906,0.004,0.83,0.052,0.114,0.0,Light_XM
/home/lmy/iot-device-classification/dataset/light_xm/round6_jitter/light_xm_r6.pcapng,R6,206,2060.081818342209,0.03,0.498,0.08,0.39,0.002,Light_XM
/home/lmy/iot-device-classification/dataset/light_xm/round6_jitter/light_xm_r6.pcapng,R6,207,2072.0768167972565,0.02,0.614,0.244,0.12,0.002,Light_XM
/home/lmy/iot-device-classification/dataset/light_xm/round6_jitter/light_xm_r6.pcapng,R6,208,2080.48907327652,0.002,0.99,0.004,0.004,0.0,Light_XM
/home/lmy/iot-device-classification/dataset/light_xm/round6_jitter/light_xm_r6.pcapng,R6,209,2092.09543132782,0.018,0.698,0.212,0.07,0.002,Light_XM
/home/lmy/iot-device-classification/dataset/light_xm/round6_jitter/light_xm_r6.pcapng,R6,210,2100.143205881119,0.028,0.794,0.016,0.16,0.002,Light_XM
/home/lmy/iot-device-classification/dataset/light_xm/round6_jitter/light_xm_r6.pcapng,R6,211,2110.9873785972595,0.038,0.648,0.09,0.22,0.004,Light_XM
/home/lmy/iot-device-classification/dataset/light_xm/round6_jitter/light_xm_r6.pcapng,R6,212,2122.125325202942,0.0,0.74,0.108,0.152,0.0,Light_XM
/home/lmy/iot-device-classification/dataset/light_xm/round6_jitter/light_xm_r6.pcapng,R6,213,2132.137258052826,0.012,0.822,0.052,0.114,0.0,Light_XM
/home/lmy/iot-device-classification/dataset/light_xm/round6_jitter/light_xm_r6.pcapng,R6,214,2142.1454741954803,0.0,0.868,0.04,0.092,0.0,Light_XM
/home/lmy/iot-device-classification/dataset/light_xm/round6_jitter/light_xm_r6.pcapng,R6,215,2152.156965970993,0.022,0.654,0.034,0.288,0.002,Light_XM
/home/lmy/iot-device-classification/dataset/light_xm/round6_jitter/light_xm_r6.pcapng,R6,216,2160.306889295578,0.002,0.688,0.156,0.154,0.0,Light_XM
/home/lmy/iot-device-classification/dataset/light_xm/round6_jitter/light_xm_r6.pcapng,R6,217,2170.985164642334,0.002,0.826,0.072,0.1,0.0,Light_XM
/home/lmy/iot-device-classification/dataset/light_xm/round6_jitter/light_xm_r6.pcapng,R6,218,2182.185329914093,0.0,0.67,0.156,0.174,0.0,Light_XM
/home/lmy/iot-device-classification/dataset/light_xm/round6_jitter/light_xm_r6.pcapng,R6,219,2192.1958475112915,0.008,0.646,0.09,0.256,0.0,Light_XM
/home/lmy/iot-device-classification/dataset/light_xm/round6_jitter/light_xm_r6.pcapng,R6,220,2202.205701112747,0.004,0.812,0.078,0.106,0.0,Light_XM
/home/lmy/iot-device-classification/dataset/light_xm/round6_jitter/light_xm_r6.pcapng,R6,221,2210.4906356334686,0.008,0.786,0.12,0.086,0.0,Light_XM
/home/lmy/iot-device-classification/dataset/light_xm/round6_jitter/light_xm_r6.pcapng,R6,222,2220.329839706421,0.0,0.694,0.152,0.154,0.0,Light_XM
/home/lmy/iot-device-classification/dataset/light_xm/round6_jitter/light_xm_r6.pcapng,R6,223,2230.208280324936,0.0,0.816,0.042,0.142,0.0,Light_XM
/home/lmy/iot-device-classification/dataset/light_xm/round6_jitter/light_xm_r6.pcapng,R6,224,2241.7044475078583,0.004,0.604,0.232,0.16,0.0,Light_XM
/home/lmy/iot-device-classification/dataset/light_xm/round6_jitter/light_xm_r6.pcapng,R6,225,2250.0242812633514,0.018,0.872,0.048,0.062,0.0,Light_XM
/home/lmy/iot-device-classification/dataset/light_xm/round6_jitter/light_xm_r6.pcapng,R6,226,2262.2653863430023,0.004,0.798,0.102,0.096,0.0,Light_XM
/home/lmy/iot-device-classification/dataset/light_xm/round6_jitter/light_xm_r6.pcapng,R6,227,2270.8890659809117,0.012,0.718,0.184,0.086,0.0,Light_XM
/home/lmy/iot-device-classification/dataset/light_xm/round6_jitter/light_xm_r6.pcapng,R6,228,2282.285868883133,0.0,0.704,0.17,0.126,0.0,Light_XM
/home/lmy/iot-device-classification/dataset/light_xm/round6_jitter/light_xm_r6.pcapng,R6,229,2291.399740457535,0.002,0.908,0.028,0.062,0.0,Light_XM
/home/lmy/iot-device-classification/dataset/light_xm/round6_jitter/light_xm_r6.pcapng,R6,230,2302.0244653224945,0.016,0.724,0.13,0.13,0.0,Light_XM
/home/lmy/iot-device-classification/dataset/light_xm/round6_jitter/light_xm_r6.pcapng,R6,231,2312.316064119339,0.006,0.646,0.156,0.192,0.0,Light_XM
/home/lmy/iot-device-classification/dataset/light_xm/round6_jitter/light_xm_r6.pcapng,R6,232,2322.325489997864,0.0,0.84,0.052,0.108,0.0,Light_XM
/home/lmy/iot-device-classification/dataset/light_xm/round6_jitter/light_xm_r6.pcapng,R6,233,2331.0905945301056,0.006,0.642,0.16,0.192,0.0,Light_XM
/home/lmy/iot-device-classification/dataset/light_xm/round6_jitter/light_xm_r6.pcapng,R6,234,2340.32820558548,0.006,0.662,0.094,0.236,0.002,Light_XM
/home/lmy/iot-device-classification/dataset/light_xm/round6_jitter/light_xm_r6.pcapng,R6,235,2351.536312818527,0.004,0.828,0.078,0.09,0.0,Light_XM
/home/lmy/iot-device-classification/dataset/light_xm/round6_jitter/light_xm_r6.pcapng,R6,236,2361.487307548523,0.034,0.636,0.216,0.112,0.002,Light_XM
/home/lmy/iot-device-classification/dataset/light_xm/round6_jitter/light_xm_r6.pcapng,R6,237,2370.6640288829803,0.004,0.716,0.076,0.202,0.002,Light_XM
/home/lmy/iot-device-classification/dataset/light_xm/round6_jitter/light_xm_r6.pcapng,R6,238,2382.386271238327,0.05,0.644,0.086,0.216,0.004,Light_XM
/home/lmy/iot-device-classification/dataset/light_xm/round6_jitter/light_xm_r6.pcapng,R6,239,2392.396040916443,0.004,0.75,0.088,0.158,0.0,Light_XM
/home/lmy/iot-device-classification/dataset/light_xm/round6_jitter/light_xm_r6.pcapng,R6,240,2400.2500035762787,0.018,0.762,0.072,0.148,0.0,Light_XM
/home/lmy/iot-device-classification/dataset/light_xm/round6_jitter/light_xm_r6.pcapng,R6,241,2411.75675034523,0.04,0.646,0.108,0.202,0.004,Light_XM
/home/lmy/iot-device-classification/dataset/light_xm/round6_jitter/light_xm_r6.pcapng,R6,242,2420.5854680538177,0.012,0.744,0.134,0.11,0.0,Light_XM
/home/lmy/iot-device-classification/dataset/light_xm/round6_jitter/light_xm_r6.pcapng,R6,243,2430.0886392593384,0.002,0.894,0.022,0.082,0.0,Light_XM
/home/lmy/iot-device-classification/dataset/light_xm/round6_jitter/light_xm_r6.pcapng,R6,244,2441.3839678764343,0.002,0.976,0.012,0.01,0.0,Light_XM
/home/lmy/iot-device-classification/dataset/light_xm/round6_jitter/light_xm_r6.pcapng,R6,245,2452.456388235092,0.0,0.692,0.122,0.186,0.0,Light_XM
/home/lmy/iot-device-classification/dataset/light_xm/round6_jitter/light_xm_r6.pcapng,R6,246,2462.466600894928,0.102,0.566,0.032,0.284,0.016,Light_XM
/home/lmy/iot-device-classification/dataset/light_xm/round6_jitter/light_xm_r6.pcapng,R6,247,2470.504435300827,0.0,0.83,0.034,0.136,0.0,Light_XM
/home/lmy/iot-device-classification/dataset/light_xm/round6_jitter/light_xm_r6.pcapng,R6,248,2480.157136678696,0.02,0.734,0.122,0.124,0.0,Light_XM
/home/lmy/iot-device-classification/dataset/light_xm/round6_jitter/light_xm_r6.pcapng,R6,249,2490.2280247211456,0.024,0.734,0.098,0.144,0.0,Light_XM
/home/lmy/iot-device-classification/dataset/light_xm/round6_jitter/light_xm_r6.pcapng,R6,250,2500.284299135208,0.002,0.852,0.03,0.116,0.0,Light_XM
/home/lmy/iot-device-classification/dataset/light_xm/round6_jitter/light_xm_r6.pcapng,R6,251,2510.025829076767,0.006,0.722,0.102,0.17,0.0,Light_XM
/home/lmy/iot-device-classification/dataset/light_xm/round6_jitter/light_xm_r6.pcapng,R6,252,2520.3972964286804,0.004,0.606,0.192,0.198,0.0,Light_XM
/home/lmy/iot-device-classification/dataset/light_xm/round6_jitter/light_xm_r6.pcapng,R6,253,2530.478291273117,0.004,0.804,0.086,0.106,0.0,Light_XM
/home/lmy/iot-device-classification/dataset/light_xm/round6_jitter/light_xm_r6.pcapng,R6,254,2542.547280073166,0.0,0.578,0.25,0.17,0.002,Light_XM
/home/lmy/iot-device-classification/dataset/light_xm/round6_jitter/light_xm_r6.pcapng,R6,255,2551.6238071918488,0.006,0.642,0.166,0.186,0.0,Light_XM
/home/lmy/iot-device-classification/dataset/light_xm/round6_jitter/light_xm_r6.pcapng,R6,256,2561.677235126496,0.006,0.832,0.066,0.096,0.0,Light_XM
/home/lmy/iot-device-classification/dataset/light_xm/round6_jitter/light_xm_r6.pcapng,R6,257,2572.5763804912567,0.012,0.766,0.116,0.106,0.0,Light_XM
/home/lmy/iot-device-classification/dataset/light_xm/round6_jitter/light_xm_r6.pcapng,R6,258,2580.967999696732,0.01,0.802,0.114,0.074,0.0,Light_XM
/home/lmy/iot-device-classification/dataset/light_xm/round6_jitter/light_xm_r6.pcapng,R6,259,2592.597100496292,0.0,0.848,0.072,0.08,0.0,Light_XM
/home/lmy/iot-device-classification/dataset/light_xm/round6_jitter/light_xm_r6.pcapng,R6,260,2602.606549978256,0.012,0.692,0.236,0.058,0.002,Light_XM
/home/lmy/iot-device-classification/dataset/light_xm/round6_jitter/light_xm_r6.pcapng,R6,261,2610.0506291389465,0.01,0.498,0.044,0.446,0.002,Light_XM
/home/lmy/iot-device-classification/dataset/light_xm/round6_jitter/light_xm_r6.pcapng,R6,262,2620.037302732468,0.002,0.834,0.078,0.086,0.0,Light_XM
/home/lmy/iot-device-classification/dataset/light_xm/round6_jitter/light_xm_r6.pcapng,R6,263,2631.428985118866,0.046,0.618,0.178,0.156,0.002,Light_XM
/home/lmy/iot-device-classification/dataset/light_xm/round6_jitter/light_xm_r6.pcapng,R6,264,2642.64922618866,0.016,0.638,0.258,0.086,0.002,Light_XM
/home/lmy/iot-device-classification/dataset/light_xm/round6_jitter/light_xm_r6.pcapng,R6,265,2652.2968125343323,0.0,0.854,0.026,0.12,0.0,Light_XM
/home/lmy/iot-device-classification/dataset/light_xm/round6_jitter/light_xm_r6.pcapng,R6,266,2660.3669369220734,0.002,0.672,0.16,0.166,0.0,Light_XM
/home/lmy/iot-device-classification/dataset/light_xm/round6_jitter/light_xm_r6.pcapng,R6,267,2672.6773257255554,0.014,0.852,0.094,0.04,0.0,Light_XM
/home/lmy/iot-device-classification/dataset/light_xm/round6_jitter/light_xm_r6.pcapng,R6,268,2682.6874709129333,0.004,0.64,0.178,0.178,0.0,Light_XM
/home/lmy/iot-device-classification/dataset/light_xm/round6_jitter/light_xm_r6.pcapng,R6,269,2692.5574231147766,0.046,0.6,0.168,0.184,0.002,Light_XM
/home/lmy/iot-device-classification/dataset/light_xm/round6_jitter/light_xm_r6.pcapng,R6,270,2700.6466789245605,0.01,0.776,0.116,0.098,0.0,Light_XM
/home/lmy/iot-device-classification/dataset/light_xm/round6_jitter/light_xm_r6.pcapng,R6,271,2712.718064069748,0.0,0.904,0.056,0.04,0.0,Light_XM
/home/lmy/iot-device-classification/dataset/light_xm/round6_jitter/light_xm_r6.pcapng,R6,272,2720.969098091125,0.026,0.606,0.256,0.11,0.002,Light_XM
/home/lmy/iot-device-classification/dataset/light_xm/round6_jitter/light_xm_r6.pcapng,R6,273,2732.5865285396576,0.07,0.482,0.138,0.288,0.022,Light_XM
/home/lmy/iot-device-classification/dataset/light_xm/round6_jitter/light_xm_r6.pcapng,R6,274,2742.747076511383,0.048,0.718,0.022,0.206,0.006,Light_XM
/home/lmy/iot-device-classification/dataset/light_xm/round6_jitter/light_xm_r6.pcapng,R6,275,2752.757538318634,0.01,0.87,0.092,0.026,0.002,Light_XM
/home/lmy/iot-device-classification/dataset/light_xm/round6_jitter/light_xm_r6.pcapng,R6,276,2762.767012834549,0.02,0.882,0.04,0.058,0.0,Light_XM
/home/lmy/iot-device-classification/dataset/light_xm/round6_jitter/light_xm_r6.pcapng,R6,277,2772.77747797966,0.014,0.652,0.02,0.31,0.004,Light_XM
/home/lmy/iot-device-classification/dataset/light_xm/round6_jitter/light_xm_r6.pcapng,R6,278,2780.4236307144165,0.036,0.808,0.086,0.07,0.0,Light_XM
/home/lmy/iot-device-classification/dataset/light_xm/round6_jitter/light_xm_r6.pcapng,R6,279,2790.823627948761,0.0,0.646,0.198,0.156,0.0,Light_XM
/home/lmy/iot-device-classification/dataset/light_xm/round6_jitter/light_xm_r6.pcapng,R6,280,2801.347638130188,0.008,0.97,0.008,0.014,0.0,Light_XM
/home/lmy/iot-device-classification/dataset/light_xm/round6_jitter/light_xm_r6.pcapng,R6,281,2812.817789554596,0.002,0.788,0.152,0.058,0.0,Light_XM
/home/lmy/iot-device-classification/dataset/light_xm/round6_jitter/light_xm_r6.pcapng,R6,282,2822.0247049331665,0.062,0.584,0.146,0.204,0.004,Light_XM
/home/lmy/iot-device-classification/dataset/light_xm/round6_jitter/light_xm_r6.pcapng,R6,283,2832.837916135788,0.0,0.862,0.042,0.096,0.0,Light_XM
/home/lmy/iot-device-classification/dataset/light_xm/round6_jitter/light_xm_r6.pcapng,R6,284,2842.516789913177,0.038,0.726,0.122,0.112,0.002,Light_XM
/home/lmy/iot-device-classification/dataset/light_xm/round6_jitter/light_xm_r6.pcapng,R6,285,2852.8576180934906,0.02,0.77,0.066,0.144,0.0,Light_XM
/home/lmy/iot-device-classification/dataset/light_xm/round6_jitter/light_xm_r6.pcapng,R6,286,2862.870379924774,0.02,0.73,0.016,0.23,0.004,Light_XM
/home/lmy/iot-device-classification/dataset/light_xm/round6_jitter/light_xm_r6.pcapng,R6,287,2872.8808534145355,0.03,0.626,0.206,0.136,0.002,Light_XM
/home/lmy/iot-device-classification/dataset/light_xm/round6_jitter/light_xm_r6.pcapng,R6,288,2882.8876349925995,0.02,0.644,0.19,0.144,0.002,Light_XM
/home/lmy/iot-device-classification/dataset/light_xm/round6_jitter/light_xm_r6.pcapng,R6,289,2890.248653650284,0.208,0.682,0.016,0.09,0.004,Light_XM
/home/lmy/iot-device-classification/dataset/light_xm/round6_jitter/light_xm_r6.pcapng,R6,290,2900.128618478775,0.01,0.466,0.008,0.512,0.004,Light_XM
/home/lmy/iot-device-classification/dataset/light_xm/round6_jitter/light_xm_r6.pcapng,R6,291,2910.112019300461,0.018,0.9,0.06,0.022,0.0,Light_XM
/home/lmy/iot-device-classification/dataset/light_xm/round6_jitter/light_xm_r6.pcapng,R6,292,2921.008774042129,0.0,0.832,0.03,0.138,0.0,Light_XM
/home/lmy/iot-device-classification/dataset/light_xm/round6_jitter/light_xm_r6.pcapng,R6,293,2932.1166639328003,0.04,0.764,0.056,0.138,0.002,Light_XM
/home/lmy/iot-device-classification/dataset/light_xm/round6_jitter/light_xm_r6.pcapng,R6,294,2942.9479804039,0.01,0.852,0.022,0.116,0.0,Light_XM
/home/lmy/iot-device-classification/dataset/light_xm/round6_jitter/light_xm_r6.pcapng,R6,295,2952.958338499069,0.0,0.954,0.022,0.024,0.0,Light_XM
/home/lmy/iot-device-classification/dataset/light_xm/round6_jitter/light_xm_r6.pcapng,R6,296,2961.8869104385376,0.0,0.644,0.192,0.164,0.0,Light_XM
/home/lmy/iot-device-classification/dataset/light_xm/round6_jitter/light_xm_r6.pcapng,R6,297,2970.429215192795,0.01,0.834,0.126,0.03,0.0,Light_XM
/home/lmy/iot-device-classification/dataset/light_xm/round6_jitter/light_xm_r6.pcapng,R6,298,2980.3113663196564,0.002,0.83,0.044,0.124,0.0,Light_XM
/home/lmy/iot-device-classification/dataset/light_xm/round6_jitter/light_xm_r6.pcapng,R6,299,2990.4577383995056,0.008,0.72,0.114,0.158,0.0,Light_XM
/home/lmy/iot-device-classification/dataset/light_xm/round6_jitter/light_xm_r6.pcapng,R6,300,3000.90332365036,0.004,0.796,0.072,0.126,0.002,Light_XM
/home/lmy/iot-device-classification/dataset/light_xm/round6_jitter/light_xm_r6.pcapng,R6,301,3011.038861513138,0.056,0.532,0.05,0.342,0.02,Light_XM
/home/lmy/iot-device-classification/dataset/light_xm/round6_jitter/light_xm_r6.pcapng,R6,302,3021.627515554428,0.008,0.844,0.08,0.068,0.0,Light_XM
/home/lmy/iot-device-classification/dataset/light_xm/round6_jitter/light_xm_r6.pcapng,R6,303,3032.736798286438,0.01,0.758,0.088,0.144,0.0,Light_XM
/home/lmy/iot-device-classification/dataset/light_xm/round6_jitter/light_xm_r6.pcapng,R6,304,3042.503106355667,0.0,0.826,0.096,0.076,0.002,Light_XM
/home/lmy/iot-device-classification/dataset/light_xm/round6_jitter/light_xm_r6.pcapng,R6,305,3053.059425354004,0.01,0.71,0.156,0.122,0.002,Light_XM
/home/lmy/iot-device-classification/dataset/light_xm/round6_jitter/light_xm_r6.pcapng,R6,306,3063.068506002426,0.004,0.71,0.126,0.16,0.0,Light_XM
/home/lmy/iot-device-classification/dataset/light_xm/round6_jitter/light_xm_r6.pcapng,R6,307,3073.078769683838,0.002,0.956,0.022,0.02,0.0,Light_XM
/home/lmy/iot-device-classification/dataset/light_xm/round6_jitter/light_xm_r6.pcapng,R6,308,3083.088709592819,0.0,0.578,0.28,0.142,0.0,Light_XM
/home/lmy/iot-device-classification/dataset/light_xm/round6_jitter/light_xm_r6.pcapng,R6,309,3092.086897134781,0.01,0.77,0.096,0.124,0.0,Light_XM
/home/lmy/iot-device-classification/dataset/light_xm/round6_jitter/light_xm_r6.pcapng,R6,310,3100.146426677704,0.04,0.714,0.024,0.218,0.004,Light_XM
/home/lmy/iot-device-classification/dataset/light_xm/round6_jitter/light_xm_r6.pcapng,R6,311,3110.21643781662,0.01,0.84,0.114,0.036,0.0,Light_XM
/home/lmy/iot-device-classification/dataset/light_xm/round6_jitter/light_xm_r6.pcapng,R6,312,3122.276869535446,0.042,0.688,0.12,0.144,0.006,Light_XM
/home/lmy/iot-device-classification/dataset/light_xm/round6_jitter/light_xm_r6.pcapng,R6,313,3133.13921046257,0.0,0.846,0.078,0.076,0.0,Light_XM
/home/lmy/iot-device-classification/dataset/light_xm/round6_jitter/light_xm_r6.pcapng,R6,314,3143.150965452194,0.002,0.614,0.198,0.186,0.0,Light_XM
/home/lmy/iot-device-classification/dataset/light_xm/round6_jitter/light_xm_r6.pcapng,R6,315,3153.1628663539886,0.002,0.624,0.222,0.152,0.0,Light_XM
/home/lmy/iot-device-classification/dataset/light_xm/round6_jitter/light_xm_r6.pcapng,R6,316,3160.306777238846,0.004,0.83,0.08,0.086,0.0,Light_XM
/home/lmy/iot-device-classification/dataset/light_xm/round6_jitter/light_xm_r6.pcapng,R6,317,3173.184443473816,0.004,0.606,0.234,0.156,0.0,Light_XM
/home/lmy/iot-device-classification/dataset/light_xm/round6_jitter/light_xm_r6.pcapng,R6,318,3180.003682613373,0.008,0.72,0.152,0.118,0.002,Light_XM
/home/lmy/iot-device-classification/dataset/light_xm/round6_jitter/light_xm_r6.pcapng,R6,319,3193.199376344681,0.0,0.844,0.06,0.096,0.0,Light_XM
/home/lmy/iot-device-classification/dataset/light_xm/round6_jitter/light_xm_r6.pcapng,R6,320,3203.208948135376,0.008,0.614,0.072,0.302,0.004,Light_XM
/home/lmy/iot-device-classification/dataset/light_xm/round6_jitter/light_xm_r6.pcapng,R6,321,3211.940222978592,0.034,0.712,0.152,0.102,0.0,Light_XM
/home/lmy/iot-device-classification/dataset/light_xm/round6_jitter/light_xm_r6.pcapng,R6,322,3220.295390844345,0.006,0.984,0.006,0.004,0.0,Light_XM
/home/lmy/iot-device-classification/dataset/light_xm/round6_jitter/light_xm_r6.pcapng,R6,323,3230.9802343845367,0.0,0.496,0.388,0.114,0.002,Light_XM
/home/lmy/iot-device-classification/dataset/light_xm/round6_jitter/light_xm_r6.pcapng,R6,324,3240.113723516464,0.0,0.662,0.178,0.16,0.0,Light_XM
/home/lmy/iot-device-classification/dataset/light_xm/round6_jitter/light_xm_r6.pcapng,R6,325,3250.142917871475,0.0,0.824,0.066,0.11,0.0,Light_XM
/home/lmy/iot-device-classification/dataset/light_xm/round6_jitter/light_xm_r6.pcapng,R6,326,3262.2674272060394,0.002,0.62,0.226,0.152,0.0,Light_XM
/home/lmy/iot-device-classification/dataset/light_xm/round6_jitter/light_xm_r6.pcapng,R6,327,3273.279145240784,0.008,0.72,0.154,0.118,0.0,Light_XM
/home/lmy/iot-device-classification/dataset/light_xm/round6_jitter/light_xm_r6.pcapng,R6,328,3283.289330720901,0.004,0.828,0.072,0.094,0.002,Light_XM
/home/lmy/iot-device-classification/dataset/light_xm/round6_jitter/light_xm_r6.pcapng,R6,329,3290.3380591869354,0.002,0.63,0.198,0.17,0.0,Light_XM
/home/lmy/iot-device-classification/dataset/light_xm/round6_jitter/light_xm_r6.pcapng,R6,330,3301.488150119781,0.002,0.676,0.154,0.168,0.0,Light_XM
/home/lmy/iot-device-classification/dataset/light_xm/round6_jitter/light_xm_r6.pcapng,R6,331,3312.903111934662,0.004,0.782,0.094,0.12,0.0,Light_XM
/home/lmy/iot-device-classification/dataset/light_xm/round6_jitter/light_xm_r6.pcapng,R6,332,3321.224231243133,0.002,0.492,0.152,0.342,0.012,Light_XM
/home/lmy/iot-device-classification/dataset/light_xm/round6_jitter/light_xm_r6.pcapng,R6,333,3333.3396260738373,0.006,0.88,0.042,0.072,0.0,Light_XM
/home/lmy/iot-device-classification/dataset/light_xm/round6_jitter/light_xm_r6.pcapng,R6,334,3340.2992219924927,0.002,0.834,0.078,0.086,0.0,Light_XM
/home/lmy/iot-device-classification/dataset/light_xm/round6_jitter/light_xm_r6.pcapng,R6,335,3353.3593084812164,0.006,0.744,0.136,0.114,0.0,Light_XM
/home/lmy/iot-device-classification/dataset/light_xm/round6_jitter/light_xm_r6.pcapng,R6,336,3361.056117534637,0.008,0.766,0.158,0.068,0.0,Light_XM
/home/lmy/iot-device-classification/dataset/light_xm/round6_jitter/light_xm_r6.pcapng,R6,337,3370.4386308193207,0.028,0.648,0.014,0.306,0.004,Light_XM
/home/lmy/iot-device-classification/dataset/light_xm/round6_jitter/light_xm_r6.pcapng,R6,338,3381.54398560524,0.004,0.704,0.142,0.148,0.002,Light_XM
/home/lmy/iot-device-classification/dataset/light_xm/round6_jitter/light_xm_r6.pcapng,R6,339,3391.986457824707,0.02,0.786,0.084,0.11,0.0,Light_XM
/home/lmy/iot-device-classification/dataset/light_xm/round6_jitter/light_xm_r6.pcapng,R6,340,3402.058517217636,0.1,0.74,0.024,0.128,0.008,Light_XM
/home/lmy/iot-device-classification/dataset/light_xm/round6_jitter/light_xm_r6.pcapng,R6,341,3412.743862867356,0.002,0.674,0.16,0.164,0.0,Light_XM
/home/lmy/iot-device-classification/dataset/light_xm/round6_jitter/light_xm_r6.pcapng,R6,342,3423.226811170578,0.012,0.744,0.148,0.096,0.0,Light_XM
/home/lmy/iot-device-classification/dataset/light_xm/round6_jitter/light_xm_r6.pcapng,R6,343,3431.4630856513977,0.0,0.846,0.072,0.082,0.0,Light_XM
/home/lmy/iot-device-classification/dataset/light_xm/round6_jitter/light_xm_r6.pcapng,R6,344,3442.351798772812,0.0,0.66,0.194,0.146,0.0,Light_XM
/home/lmy/iot-device-classification/dataset/light_xm/round6_jitter/light_xm_r6.pcapng,R6,345,3452.263414144516,0.006,0.514,0.368,0.11,0.002,Light_XM
/home/lmy/iot-device-classification/dataset/light_xm/round6_jitter/light_xm_r6.pcapng,R6,346,3460.5838997364044,0.044,0.654,0.01,0.288,0.004,Light_XM
/home/lmy/iot-device-classification/dataset/light_xm/round6_jitter/light_xm_r6.pcapng,R6,347,3473.0642766952515,0.01,0.698,0.122,0.168,0.002,Light_XM
/home/lmy/iot-device-classification/dataset/light_xm/round6_jitter/light_xm_r6.pcapng,R6,348,3481.287087202072,0.012,0.69,0.144,0.154,0.0,Light_XM
/home/lmy/iot-device-classification/dataset/light_xm/round6_jitter/light_xm_r6.pcapng,R6,349,3490.1342935562134,0.0,0.894,0.024,0.082,0.0,Light_XM
/home/lmy/iot-device-classification/dataset/light_xm/round6_jitter/light_xm_r6.pcapng,R6,350,3503.5105476379395,0.012,0.858,0.09,0.04,0.0,Light_XM
/home/lmy/iot-device-classification/dataset/light_xm/round6_jitter/light_xm_r6.pcapng,R6,351,3511.076805114746,0.01,0.492,0.034,0.462,0.002,Light_XM
/home/lmy/iot-device-classification/dataset/light_xm/round6_jitter/light_xm_r6.pcapng,R6,352,3520.90714430809,0.004,0.808,0.092,0.096,0.0,Light_XM
/home/lmy/iot-device-classification/dataset/light_xm/round6_jitter/light_xm_r6.pcapng,R6,353,3533.5402240753174,0.0,0.582,0.264,0.154,0.0,Light_XM
/home/lmy/iot-device-classification/dataset/light_xm/round6_jitter/light_xm_r6.pcapng,R6,354,3541.7046344280243,0.2,0.59,0.07,0.138,0.002,Light_XM
/home/lmy/iot-device-classification/dataset/light_xm/round6_jitter/light_xm_r6.pcapng,R6,355,3552.196697950363,0.0,0.862,0.04,0.098,0.0,Light_XM
/home/lmy/iot-device-classification/dataset/light_xm/round6_jitter/light_xm_r6.pcapng,R6,356,3561.096236467361,0.0,0.638,0.166,0.196,0.0,Light_XM
/home/lmy/iot-device-classification/dataset/light_xm/round6_jitter/light_xm_r6.pcapng,R6,357,3573.5802149772644,0.01,0.622,0.138,0.23,0.0,Light_XM
/home/lmy/iot-device-classification/dataset/light_xm/round6_jitter/light_xm_r6.pcapng,R6,358,3583.5927424430847,0.034,0.694,0.062,0.206,0.004,Light_XM
/home/lmy/iot-device-classification/dataset/light_xm/round6_jitter/light_xm_r6.pcapng,R6,359,3593.600677251816,0.03,0.58,0.162,0.226,0.002,Light_XM
/home/lmy/iot-device-classification/dataset/light_xm/round6_jitter/light_xm_r6.pcapng,R6,360,3603.610448360443,0.032,0.446,0.232,0.262,0.028,Light_XM
/home/lmy/iot-device-classification/dataset/light_xm/round6_jitter/light_xm_r6.pcapng,R6,361,3610.345856904984,0.004,0.832,0.074,0.086,0.004,Light_XM
/home/lmy/iot-device-classification/dataset/light_xm/round6_jitter/light_xm_r6.pcapng,R6,362,3621.154500007629,0.016,0.754,0.088,0.142,0.0,Light_XM
/home/lmy/iot-device-classification/dataset/light_xm/round6_jitter/light_xm_r6.pcapng,R6,363,3631.368634462357,0.0,0.686,0.104,0.21,0.0,Light_XM
/home/lmy/iot-device-classification/dataset/light_xm/round6_jitter/light_xm_r6.pcapng,R6,364,3642.975139379501,0.0,0.858,0.056,0.086,0.0,Light_XM
/home/lmy/iot-device-classification/dataset/light_xm/round6_jitter/light_xm_r6.pcapng,R6,365,3650.0148742198944,0.0,0.686,0.172,0.142,0.0,Light_XM
/home/lmy/iot-device-classification/dataset/light_xm/round6_jitter/light_xm_r6.pcapng,R6,366,3660.366277694702,0.006,0.714,0.14,0.14,0.0,Light_XM
/home/lmy/iot-device-classification/dataset/light_xm/round6_jitter/light_xm_r6.pcapng,R6,367,3673.6804671287537,0.022,0.734,0.018,0.222,0.004,Light_XM
/home/lmy/iot-device-classification/dataset/light_xm/round6_jitter/light_xm_r6.pcapng,R6,368,3682.808511734009,0.042,0.582,0.236,0.138,0.002,Light_XM
/home/lmy/iot-device-classification/dataset/light_xm/round6_jitter/light_xm_r6.pcapng,R6,369,3693.700520515442,0.002,0.84,0.102,0.056,0.0,Light_XM
/home/lmy/iot-device-classification/dataset/light_xm/round6_jitter/light_xm_r6.pcapng,R6,370,3700.42594242096,0.0,0.852,0.058,0.09,0.0,Light_XM
/home/lmy/iot-device-classification/dataset/light_xm/round6_jitter/light_xm_r6.pcapng,R6,371,3710.615508794785,0.002,0.566,0.002,0.426,0.004,Light_XM
/home/lmy/iot-device-classification/dataset/light_xm/round6_jitter/light_xm_r6.pcapng,R6,372,3720.584324836731,0.014,0.648,0.18,0.158,0.0,Light_XM
/home/lmy/iot-device-classification/dataset/light_xm/round6_jitter/light_xm_r6.pcapng,R6,373,3730.9833464622498,0.052,0.644,0.074,0.226,0.004,Light_XM
/home/lmy/iot-device-classification/dataset/light_xm/round6_jitter/light_xm_r6.pcapng,R6,374,3743.4632194042206,0.012,0.76,0.124,0.104,0.0,Light_XM
/home/lmy/iot-device-classification/dataset/light_xm/round6_jitter/light_xm_r6.pcapng,R6,375,3753.331449985504,0.0,0.63,0.178,0.192,0.0,Light_XM
/home/lmy/iot-device-classification/dataset/light_xm/round6_jitter/light_xm_r6.pcapng,R6,376,3761.410115242005,0.002,0.868,0.06,0.07,0.0,Light_XM
/home/lmy/iot-device-classification/dataset/light_xm/round6_jitter/light_xm_r6.pcapng,R6,377,3773.7849984169006,0.008,0.8,0.154,0.038,0.0,Light_XM
/home/lmy/iot-device-classification/dataset/light_xm/round6_jitter/light_xm_r6.pcapng,R6,378,3780.156763076782,0.098,0.626,0.054,0.218,0.004,Light_XM
/home/lmy/iot-device-classification/dataset/light_xm/round6_jitter/light_xm_r6.pcapng,R6,379,3790.456593990326,0.002,0.838,0.068,0.092,0.0,Light_XM
/home/lmy/iot-device-classification/dataset/light_xm/round6_jitter/light_xm_r6.pcapng,R6,380,3803.5374751091,0.004,0.842,0.118,0.036,0.0,Light_XM
/home/lmy/iot-device-classification/dataset/light_xm/round6_jitter/light_xm_r6.pcapng,R6,381,3811.626521587372,0.006,0.652,0.174,0.168,0.0,Light_XM
/home/lmy/iot-device-classification/dataset/light_xm/round6_jitter/light_xm_r6.pcapng,R6,382,3820.3642013072968,0.0,0.84,0.07,0.09,0.0,Light_XM
/home/lmy/iot-device-classification/dataset/light_xm/round6_jitter/light_xm_r6.pcapng,R6,383,3830.406504392624,0.0,0.67,0.202,0.128,0.0,Light_XM
/home/lmy/iot-device-classification/dataset/light_xm/round6_jitter/light_xm_r6.pcapng,R6,384,3842.8273997306815,0.004,0.622,0.198,0.176,0.0,Light_XM
/home/lmy/iot-device-classification/dataset/light_xm/round6_jitter/light_xm_r6.pcapng,R6,385,3850.865571975708,0.006,0.77,0.086,0.138,0.0,Light_XM
/home/lmy/iot-device-classification/dataset/light_xm/round6_jitter/light_xm_r6.pcapng,R6,386,3862.023479938507,0.006,0.824,0.086,0.084,0.0,Light_XM
/home/lmy/iot-device-classification/dataset/light_xm/round6_jitter/light_xm_r6.pcapng,R6,387,3872.425948858261,0.01,0.702,0.152,0.134,0.002,Light_XM
/home/lmy/iot-device-classification/dataset/light_xm/round6_jitter/light_xm_r6.pcapng,R6,388,3882.8234412670135,0.006,0.802,0.112,0.08,0.0,Light_XM
/home/lmy/iot-device-classification/dataset/light_xm/round6_jitter/light_xm_r6.pcapng,R6,389,3893.907513141632,0.002,0.604,0.168,0.226,0.0,Light_XM
/home/lmy/iot-device-classification/dataset/light_xm/round6_jitter/light_xm_r6.pcapng,R6,390,3900.145460128784,0.004,0.758,0.008,0.228,0.002,Light_XM
/home/lmy/iot-device-classification/dataset/light_xm/round6_jitter/light_xm_r6.pcapng,R6,391,3911.943051338196,0.026,0.68,0.018,0.272,0.004,Light_XM
/home/lmy/iot-device-classification/dataset/light_xm/round6_jitter/light_xm_r6.pcapng,R6,392,3922.343748807907,0.006,0.792,0.116,0.086,0.0,Light_XM
/home/lmy/iot-device-classification/dataset/light_xm/round6_jitter/light_xm_r6.pcapng,R6,393,3933.9419028759,0.016,0.676,0.152,0.156,0.0,Light_XM
/home/lmy/iot-device-classification/dataset/light_xm/round6_jitter/light_xm_r6.pcapng,R6,394,3942.967858314514,0.014,0.496,0.024,0.46,0.006,Light_XM
/home/lmy/iot-device-classification/dataset/sensor/round6_jitter/sensor_r6.pcapng,R6,0,0.0,0.0,0.664,0.148,0.188,0.0,Sensor
/home/lmy/iot-device-classification/dataset/sensor/round6_jitter/sensor_r6.pcapng,R6,1,13.101231575012209,0.008,0.588,0.042,0.362,0.0,Sensor
/home/lmy/iot-device-classification/dataset/sensor/round6_jitter/sensor_r6.pcapng,R6,2,21.03766632080078,0.0,0.75,0.064,0.186,0.0,Sensor
/home/lmy/iot-device-classification/dataset/sensor/round6_jitter/sensor_r6.pcapng,R6,3,32.245187759399414,0.012,0.454,0.014,0.518,0.002,Sensor
/home/lmy/iot-device-classification/dataset/sensor/round6_jitter/sensor_r6.pcapng,R6,4,41.06011319160461,0.006,0.546,0.034,0.414,0.0,Sensor
/home/lmy/iot-device-classification/dataset/sensor/round6_jitter/sensor_r6.pcapng,R6,5,51.06859254837036,0.0,0.842,0.038,0.12,0.0,Sensor
/home/lmy/iot-device-classification/dataset/sensor/round6_jitter/sensor_r6.pcapng,R6,6,60.89968657493591,0.002,0.6,0.11,0.288,0.0,Sensor
/home/lmy/iot-device-classification/dataset/sensor/round6_jitter/sensor_r6.pcapng,R6,7,71.43787503242493,0.006,0.456,0.004,0.532,0.002,Sensor
/home/lmy/iot-device-classification/dataset/sensor/round6_jitter/sensor_r6.pcapng,R6,8,81.10134029388428,0.002,0.846,0.036,0.116,0.0,Sensor
/home/lmy/iot-device-classification/dataset/sensor/round6_jitter/sensor_r6.pcapng,R6,9,90.48105025291444,0.102,0.654,0.052,0.186,0.006,Sensor
/home/lmy/iot-device-classification/dataset/sensor/round6_jitter/sensor_r6.pcapng,R6,10,101.57928347587584,0.002,0.676,0.038,0.282,0.002,Sensor
/home/lmy/iot-device-classification/dataset/sensor/round6_jitter/sensor_r6.pcapng,R6,11,110.7392988204956,0.0,0.828,0.048,0.124,0.0,Sensor
/home/lmy/iot-device-classification/dataset/sensor/round6_jitter/sensor_r6.pcapng,R6,12,124.72729349136353,0.022,0.608,0.062,0.302,0.006,Sensor
/home/lmy/iot-device-classification/dataset/sensor/round6_jitter/sensor_r6.pcapng,R6,13,132.57932472229004,0.006,0.752,0.034,0.208,0.0,Sensor
/home/lmy/iot-device-classification/dataset/sensor/round6_jitter/sensor_r6.pcapng,R6,14,141.14338898658752,0.004,0.734,0.114,0.148,0.0,Sensor
/home/lmy/iot-device-classification/dataset/sensor/round6_jitter/sensor_r6.pcapng,R6,15,154.93259191513062,0.014,0.496,0.024,0.46,0.006,Sensor
/home/lmy/iot-device-classification/dataset/sensor/round6_jitter/sensor_r6.pcapng,R6,16,160.95831871032715,0.0,0.63,0.004,0.366,0.0,Sensor
/home/lmy/iot-device-classification/dataset/sensor/round6_jitter/sensor_r6.pcapng,R6,17,171.15330147743225,0.002,0.842,0.038,0.118,0.0,Sensor
/home/lmy/iot-device-classification/dataset/sensor/round6_jitter/sensor_r6.pcapng,R6,18,182.0765995979309,0.012,0.762,0.102,0.122,0.002,Sensor
/home/lmy/iot-device-classification/dataset/sensor/round6_jitter/sensor_r6.pcapng,R6,19,194.9727795124054,0.004,0.454,0.0,0.538,0.004,Sensor
/home/lmy/iot-device-classification/dataset/sensor/round6_jitter/sensor_r6.pcapng,R6,20,201.1737365722656,0.004,0.804,0.078,0.114,0.0,Sensor
/home/lmy/iot-device-classification/dataset/sensor/round6_jitter/sensor_r6.pcapng,R6,21,214.9923233985901,0.092,0.488,0.062,0.352,0.006,Sensor
/home/lmy/iot-device-classification/dataset/sensor/round6_jitter/sensor_r6.pcapng,R6,22,224.55926990509036,0.028,0.42,0.042,0.506,0.004,Sensor
/home/lmy/iot-device-classification/dataset/sensor/round6_jitter/sensor_r6.pcapng,R6,23,231.20314836502075,0.004,0.824,0.036,0.134,0.002,Sensor
/home/lmy/iot-device-classification/dataset/sensor/round6_jitter/sensor_r6.pcapng,R6,24,244.8995850086212,0.046,0.506,0.052,0.36,0.036,Sensor
/home/lmy/iot-device-classification/dataset/sensor/round6_jitter/sensor_r6.pcapng,R6,25,251.58107900619507,0.01,0.534,0.228,0.226,0.002,Sensor
/home/lmy/iot-device-classification/dataset/sensor/round6_jitter/sensor_r6.pcapng,R6,26,260.0329818725586,0.002,0.894,0.014,0.09,0.0,Sensor
/home/lmy/iot-device-classification/dataset/sensor/round6_jitter/sensor_r6.pcapng,R6,27,271.97034907341003,0.002,0.692,0.024,0.282,0.0,Sensor
/home/lmy/iot-device-classification/dataset/sensor/round6_jitter/sensor_r6.pcapng,R6,28,284.102215051651,0.004,0.638,0.02,0.336,0.002,Sensor
/home/lmy/iot-device-classification/dataset/sensor/round6_jitter/sensor_r6.pcapng,R6,29,291.2671310901642,0.042,0.586,0.036,0.328,0.008,Sensor
/home/lmy/iot-device-classification/dataset/sensor/round6_jitter/sensor_r6.pcapng,R6,30,305.08302307128906,0.034,0.408,0.02,0.524,0.014,Sensor
/home/lmy/iot-device-classification/dataset/sensor/round6_jitter/sensor_r6.pcapng,R6,31,315.0971670150757,0.044,0.48,0.202,0.246,0.028,Sensor
/home/lmy/iot-device-classification/dataset/sensor/round6_jitter/sensor_r6.pcapng,R6,32,321.1441066265106,0.004,0.82,0.074,0.102,0.0,Sensor
/home/lmy/iot-device-classification/dataset/sensor/round6_jitter/sensor_r6.pcapng,R6,33,331.0998070240021,0.06,0.626,0.026,0.274,0.014,Sensor
/home/lmy/iot-device-classification/dataset/sensor/round6_jitter/sensor_r6.pcapng,R6,34,341.6563742160797,0.002,0.58,0.206,0.212,0.0,Sensor
/home/lmy/iot-device-classification/dataset/sensor/round6_jitter/sensor_r6.pcapng,R6,35,350.9986398220062,0.002,0.972,0.004,0.022,0.0,Sensor
/home/lmy/iot-device-classification/dataset/sensor/round6_jitter/sensor_r6.pcapng,R6,36,363.45960879325867,0.004,0.592,0.056,0.348,0.0,Sensor
/home/lmy/iot-device-classification/dataset/sensor/round6_jitter/sensor_r6.pcapng,R6,37,374.1029949188232,0.002,0.638,0.026,0.332,0.002,Sensor
/home/lmy/iot-device-classification/dataset/sensor/round6_jitter/sensor_r6.pcapng,R6,38,381.2749762535095,0.026,0.688,0.004,0.278,0.004,Sensor
/home/lmy/iot-device-classification/dataset/sensor/round6_jitter/sensor_r6.pcapng,R6,39,392.4792578220368,0.054,0.446,0.028,0.468,0.004,Sensor
/home/lmy/iot-device-classification/dataset/sensor/round6_jitter/sensor_r6.pcapng,R6,40,401.3983583450317,0.066,0.732,0.028,0.17,0.004,Sensor
/home/lmy/iot-device-classification/dataset/sensor/round6_jitter/sensor_r6.pcapng,R6,41,411.2949299812317,0.0,0.846,0.06,0.094,0.0,Sensor
/home/lmy/iot-device-classification/dataset/sensor/round6_jitter/sensor_r6.pcapng,R6,42,420.47871232032776,0.002,0.62,0.004,0.374,0.0,Sensor
/home/lmy/iot-device-classification/dataset/sensor/round6_jitter/sensor_r6.pcapng,R6,43,432.09955048561096,0.032,0.498,0.044,0.408,0.018,Sensor
/home/lmy/iot-device-classification/dataset/sensor/round6_jitter/sensor_r6.pcapng,R6,44,441.30392146110535,0.002,0.622,0.172,0.204,0.0,Sensor
/home/lmy/iot-device-classification/dataset/sensor/round6_jitter/sensor_r6.pcapng,R6,45,452.8975510597229,0.102,0.526,0.02,0.346,0.006,Sensor
/home/lmy/iot-device-classification/dataset/sensor/round6_jitter/sensor_r6.pcapng,R6,46,460.716903924942,0.026,0.736,0.052,0.186,0.0,Sensor
/home/lmy/iot-device-classification/dataset/sensor/round6_jitter/sensor_r6.pcapng,R6,47,471.3350887298584,0.006,0.85,0.022,0.122,0.0,Sensor
/home/lmy/iot-device-classification/dataset/sensor/round6_jitter/sensor_r6.pcapng,R6,48,482.0208406448364,0.04,0.504,0.048,0.39,0.018,Sensor
/home/lmy/iot-device-classification/dataset/sensor/round6_jitter/sensor_r6.pcapng,R6,49,490.8784642219544,0.0,0.664,0.008,0.328,0.0,Sensor
/home/lmy/iot-device-classification/dataset/sensor/round6_jitter/sensor_r6.pcapng,R6,50,501.3647196292877,0.0,0.822,0.036,0.142,0.0,Sensor
/home/lmy/iot-device-classification/dataset/sensor/round6_jitter/sensor_r6.pcapng,R6,51,511.2128789424896,0.006,0.452,0.006,0.534,0.002,Sensor
/home/lmy/iot-device-classification/dataset/sensor/round6_jitter/sensor_r6.pcapng,R6,52,523.6291854381561,0.006,0.676,0.034,0.284,0.0,Sensor
/home/lmy/iot-device-classification/dataset/sensor/round6_jitter/sensor_r6.pcapng,R6,53,531.3975367546082,0.03,0.632,0.012,0.322,0.004,Sensor
/home/lmy/iot-device-classification/dataset/sensor/round6_jitter/sensor_r6.pcapng,R6,54,545.3239228725433,0.02,0.618,0.02,0.332,0.01,Sensor
/home/lmy/iot-device-classification/dataset/sensor/round6_jitter/sensor_r6.pcapng,R6,55,551.135448217392,0.006,0.656,0.104,0.234,0.0,Sensor
/home/lmy/iot-device-classification/dataset/sensor/round6_jitter/sensor_r6.pcapng,R6,56,561.4239835739136,0.0,0.876,0.034,0.09,0.0,Sensor
/home/lmy/iot-device-classification/dataset/sensor/round6_jitter/sensor_r6.pcapng,R6,57,574.4777135848999,0.008,0.718,0.006,0.268,0.0,Sensor
/home/lmy/iot-device-classification/dataset/sensor/round6_jitter/sensor_r6.pcapng,R6,58,583.9399847984314,0.034,0.508,0.048,0.388,0.022,Sensor
/home/lmy/iot-device-classification/dataset/sensor/round6_jitter/sensor_r6.pcapng,R6,59,591.4548804759979,0.002,0.826,0.036,0.136,0.0,Sensor
/home/lmy/iot-device-classification/dataset/sensor/round6_jitter/sensor_r6.pcapng,R6,60,602.5777759552002,0.0,0.612,0.004,0.384,0.0,Sensor
/home/lmy/iot-device-classification/dataset/sensor/round6_jitter/sensor_r6.pcapng,R6,61,615.1397206783295,0.022,0.708,0.014,0.254,0.002,Sensor
/home/lmy/iot-device-classification/dataset/sensor/round6_jitter/sensor_r6.pcapng,R6,62,621.4674923419952,0.002,0.738,0.06,0.198,0.002,Sensor
/home/lmy/iot-device-classification/dataset/sensor/round6_jitter/sensor_r6.pcapng,R6,63,633.8588833808899,0.036,0.606,0.016,0.336,0.006,Sensor
/home/lmy/iot-device-classification/dataset/sensor/round6_jitter/sensor_r6.pcapng,R6,64,640.7777726650238,0.014,0.568,0.086,0.33,0.002,Sensor
/home/lmy/iot-device-classification/dataset/sensor/round6_jitter/sensor_r6.pcapng,R6,65,651.4643821716309,0.004,0.846,0.038,0.112,0.0,Sensor
/home/lmy/iot-device-classification/dataset/sensor/round6_jitter/sensor_r6.pcapng,R6,66,661.8772773742676,0.002,0.476,0.0,0.522,0.0,Sensor
/home/lmy/iot-device-classification/dataset/sensor/round6_jitter/sensor_r6.pcapng,R6,67,674.029709815979,0.004,0.574,0.008,0.41,0.004,Sensor
/home/lmy/iot-device-classification/dataset/sensor/round6_jitter/sensor_r6.pcapng,R6,68,681.4805779457092,0.034,0.76,0.098,0.108,0.0,Sensor
/home/lmy/iot-device-classification/dataset/sensor/round6_jitter/sensor_r6.pcapng,R6,69,691.1982896327972,0.006,0.758,0.052,0.182,0.002,Sensor
/home/lmy/iot-device-classification/dataset/sensor/round6_jitter/sensor_r6.pcapng,R6,70,701.8876659870148,0.078,0.446,0.072,0.396,0.008,Sensor
/home/lmy/iot-device-classification/dataset/sensor/round6_jitter/sensor_r6.pcapng,R6,71,710.9160227775574,0.002,0.85,0.042,0.106,0.0,Sensor
/home/lmy/iot-device-classification/dataset/sensor/round6_jitter/sensor_r6.pcapng,R6,72,725.3786427974701,0.014,0.678,0.048,0.258,0.002,Sensor
/home/lmy/iot-device-classification/dataset/sensor/round6_jitter/sensor_r6.pcapng,R6,73,731.1771957874298,0.026,0.75,0.044,0.18,0.0,Sensor
/home/lmy/iot-device-classification/dataset/sensor/round6_jitter/sensor_r6.pcapng,R6,74,741.4962258338928,0.0,0.786,0.032,0.182,0.0,Sensor
/home/lmy/iot-device-classification/dataset/sensor/round6_jitter/sensor_r6.pcapng,R6,75,752.418288230896,0.026,0.446,0.046,0.476,0.006,Sensor
/home/lmy/iot-device-classification/dataset/sensor/round6_jitter/sensor_r6.pcapng,R6,76,765.547301530838,0.05,0.386,0.058,0.482,0.024,Sensor
/home/lmy/iot-device-classification/dataset/sensor/round6_jitter/sensor_r6.pcapng,R6,77,771.5244472026825,0.006,0.806,0.082,0.106,0.0,Sensor
/home/lmy/iot-device-classification/dataset/sensor/round6_jitter/sensor_r6.pcapng,R6,78,782.6244006156921,0.008,0.656,0.076,0.26,0.0,Sensor
/home/lmy/iot-device-classification/dataset/sensor/round6_jitter/sensor_r6.pcapng,R6,79,791.9381847381592,0.0,0.604,0.018,0.378,0.0,Sensor
/home/lmy/iot-device-classification/dataset/sensor/round6_jitter/sensor_r6.pcapng,R6,80,801.5548505783081,0.062,0.654,0.034,0.244,0.006,Sensor
/home/lmy/iot-device-classification/dataset/sensor/round6_jitter/sensor_r6.pcapng,R6,81,814.9574377536774,0.118,0.538,0.048,0.288,0.008,Sensor
/home/lmy/iot-device-classification/dataset/sensor/round6_jitter/sensor_r6.pcapng,R6,82,822.8994631767273,0.174,0.482,0.01,0.334,0.0,Sensor
/home/lmy/iot-device-classification/dataset/sensor/round6_jitter/sensor_r6.pcapng,R6,83,831.5777924060822,0.036,0.658,0.02,0.282,0.004,Sensor
/home/lmy/iot-device-classification/dataset/sensor/round6_jitter/sensor_r6.pcapng,R6,84,841.8678410053253,0.034,0.506,0.038,0.404,0.018,Sensor
/home/lmy/iot-device-classification/dataset/sensor/round6_jitter/sensor_r6.pcapng,R6,85,852.2581195831299,0.076,0.476,0.15,0.282,0.016,Sensor
/home/lmy/iot-device-classification/dataset/sensor/round6_jitter/sensor_r6.pcapng,R6,86,861.6077127456665,0.002,0.814,0.078,0.106,0.0,Sensor
/home/lmy/iot-device-classification/dataset/sensor/round6_jitter/sensor_r6.pcapng,R6,87,875.6580994129181,0.052,0.396,0.066,0.464,0.022,Sensor
/home/lmy/iot-device-classification/dataset/sensor/round6_jitter/sensor_r6.pcapng,R6,88,885.5418994426727,0.04,0.416,0.062,0.456,0.026,Sensor
/home/lmy/iot-device-classification/dataset/sensor/round6_jitter/sensor_r6.pcapng,R6,89,891.4397559165955,0.0,0.852,0.022,0.126,0.0,Sensor
/home/lmy/iot-device-classification/dataset/sensor/round6_jitter/sensor_r6.pcapng,R6,90,905.6853606700896,0.014,0.616,0.016,0.354,0.0,Sensor
/home/lmy/iot-device-classification/dataset/sensor/round6_jitter/sensor_r6.pcapng,R6,91,914.100091457367,0.006,0.574,0.044,0.374,0.002,Sensor
/home/lmy/iot-device-classification/dataset/sensor/round6_jitter/sensor_r6.pcapng,R6,92,921.6930603981018,0.0,0.816,0.078,0.106,0.0,Sensor
/home/lmy/iot-device-classification/dataset/sensor/round6_jitter/sensor_r6.pcapng,R6,93,931.0206265449524,0.032,0.474,0.06,0.43,0.004,Sensor
/home/lmy/iot-device-classification/dataset/sensor/round6_jitter/sensor_r6.pcapng,R6,94,945.7270061969756,0.052,0.39,0.06,0.474,0.024,Sensor
/home/lmy/iot-device-classification/dataset/sensor/round6_jitter/sensor_r6.pcapng,R6,95,951.6973443031312,0.002,0.808,0.05,0.14,0.0,Sensor
/home/lmy/iot-device-classification/dataset/sensor/round6_jitter/sensor_r6.pcapng,R6,96,962.7234029769896,0.01,0.626,0.01,0.35,0.004,Sensor
/home/lmy/iot-device-classification/dataset/sensor/round6_jitter/sensor_r6.pcapng,R6,97,972.8986611366272,0.024,0.516,0.044,0.398,0.018,Sensor
/home/lmy/iot-device-classification/dataset/sensor/round6_jitter/sensor_r6.pcapng,R6,98,981.7327270507812,0.042,0.76,0.02,0.174,0.004,Sensor
/home/lmy/iot-device-classification/dataset/sensor/round6_jitter/sensor_r6.pcapng,R6,99,992.9578146934508,0.074,0.576,0.026,0.32,0.004,Sensor
/home/lmy/iot-device-classification/dataset/sensor/round6_jitter/sensor_r6.pcapng,R6,100,1000.703663110733,0.01,0.588,0.084,0.31,0.008,Sensor
/home/lmy/iot-device-classification/dataset/sensor/round6_jitter/sensor_r6.pcapng,R6,101,1011.7570509910583,0.028,0.628,0.016,0.324,0.004,Sensor
/home/lmy/iot-device-classification/dataset/sensor/round6_jitter/sensor_r6.pcapng,R6,102,1021.7150974273682,0.014,0.746,0.076,0.164,0.0,Sensor
/home/lmy/iot-device-classification/dataset/sensor/round6_jitter/sensor_r6.pcapng,R6,103,1032.0849051475525,0.006,0.448,0.006,0.538,0.002,Sensor
/home/lmy/iot-device-classification/dataset/sensor/round6_jitter/sensor_r6.pcapng,R6,104,1040.122906446457,0.008,0.924,0.034,0.034,0.0,Sensor
/home/lmy/iot-device-classification/dataset/sensor/round6_jitter/sensor_r6.pcapng,R6,105,1053.1230118274689,0.0,0.73,0.0,0.27,0.0,Sensor
/home/lmy/iot-device-classification/dataset/sensor/round6_jitter/sensor_r6.pcapng,R6,106,1062.5851354599,0.006,0.7,0.014,0.278,0.002,Sensor
/home/lmy/iot-device-classification/dataset/sensor/round6_jitter/sensor_r6.pcapng,R6,107,1071.5871698856354,0.076,0.774,0.018,0.128,0.004,Sensor
/home/lmy/iot-device-classification/dataset/sensor/round6_jitter/sensor_r6.pcapng,R6,108,1083.1380097866058,0.002,0.64,0.024,0.334,0.0,Sensor
/home/lmy/iot-device-classification/dataset/sensor/round6_jitter/sensor_r6.pcapng,R6,109,1093.6854934692385,0.018,0.552,0.084,0.344,0.002,Sensor
/home/lmy/iot-device-classification/dataset/sensor/round6_jitter/sensor_r6.pcapng,R6,110,1101.803901195526,0.002,0.922,0.014,0.062,0.0,Sensor
/home/lmy/iot-device-classification/dataset/sensor/round6_jitter/sensor_r6.pcapng,R6,111,1112.257075548172,0.024,0.51,0.016,0.45,0.0,Sensor
/home/lmy/iot-device-classification/dataset/sensor/round6_jitter/sensor_r6.pcapng,R6,112,1125.904257774353,0.004,0.564,0.012,0.416,0.004,Sensor
/home/lmy/iot-device-classification/dataset/sensor/round6_jitter/sensor_r6.pcapng,R6,113,1131.8349883556366,0.002,0.714,0.114,0.17,0.0,Sensor
/home/lmy/iot-device-classification/dataset/sensor/round6_jitter/sensor_r6.pcapng,R6,114,1140.0998888015747,0.026,0.604,0.064,0.302,0.004,Sensor
/home/lmy/iot-device-classification/dataset/sensor/round6_jitter/sensor_r6.pcapng,R6,115,1151.7570385932922,0.002,0.496,0.168,0.334,0.0,Sensor
/home/lmy/iot-device-classification/dataset/sensor/round6_jitter/sensor_r6.pcapng,R6,116,1161.864643573761,0.0,0.84,0.028,0.132,0.0,Sensor
/home/lmy/iot-device-classification/dataset/sensor/round6_jitter/sensor_r6.pcapng,R6,117,1170.0122709274292,0.004,0.674,0.002,0.318,0.002,Sensor
/home/lmy/iot-device-classification/dataset/sensor/round6_jitter/sensor_r6.pcapng,R6,118,1180.094087600708,0.018,0.842,0.03,0.108,0.002,Sensor
/home/lmy/iot-device-classification/dataset/sensor/round6_jitter/sensor_r6.pcapng,R6,119,1191.8952033519745,0.0,0.806,0.026,0.168,0.0,Sensor
/home/lmy/iot-device-classification/dataset/sensor/round6_jitter/sensor_r6.pcapng,R6,120,1205.8581862449646,0.03,0.72,0.028,0.182,0.04,Sensor
/home/lmy/iot-device-classification/dataset/sensor/round6_jitter/sensor_r6.pcapng,R6,121,1210.2235958576202,0.002,0.606,0.026,0.366,0.0,Sensor
/home/lmy/iot-device-classification/dataset/sensor/round6_jitter/sensor_r6.pcapng,R6,122,1221.9237020015717,0.01,0.776,0.062,0.152,0.0,Sensor
/home/lmy/iot-device-classification/dataset/sensor/round6_jitter/sensor_r6.pcapng,R6,123,1230.222068786621,0.004,0.68,0.07,0.246,0.0,Sensor
/home/lmy/iot-device-classification/dataset/sensor/round6_jitter/sensor_r6.pcapng,R6,124,1245.376625776291,0.0,0.522,0.0,0.476,0.002,Sensor
/home/lmy/iot-device-classification/dataset/sensor/round6_jitter/sensor_r6.pcapng,R6,125,1251.9542474746704,0.002,0.978,0.0,0.02,0.0,Sensor
/home/lmy/iot-device-classification/dataset/sensor/round6_jitter/sensor_r6.pcapng,R6,126,1266.0484364032743,0.006,0.634,0.002,0.356,0.002,Sensor
/home/lmy/iot-device-classification/dataset/sensor/round6_jitter/sensor_r6.pcapng,R6,127,1272.3883938789368,0.008,0.584,0.026,0.382,0.0,Sensor
/home/lmy/iot-device-classification/dataset/sensor/round6_jitter/sensor_r6.pcapng,R6,128,1281.9880661964417,0.002,0.822,0.062,0.114,0.0,Sensor
/home/lmy/iot-device-classification/dataset/sensor/round6_jitter/sensor_r6.pcapng,R6,129,1293.6860353946686,0.012,0.65,0.082,0.254,0.002,Sensor
/home/lmy/iot-device-classification/dataset/sensor/round6_jitter/sensor_r6.pcapng,R6,130,1301.9833116531372,0.006,0.654,0.042,0.294,0.004,Sensor
/home/lmy/iot-device-classification/dataset/sensor/round6_jitter/sensor_r6.pcapng,R6,131,1311.002712249756,0.004,0.818,0.076,0.102,0.0,Sensor
/home/lmy/iot-device-classification/dataset/sensor/round6_jitter/sensor_r6.pcapng,R6,133,1332.7375819683075,0.008,0.716,0.034,0.242,0.0,Sensor
/home/lmy/iot-device-classification/dataset/sensor/round6_jitter/sensor_r6.pcapng,R6,134,1341.0217549800873,0.0,0.832,0.026,0.142,0.0,Sensor
/home/lmy/iot-device-classification/dataset/sensor/round6_jitter/sensor_r6.pcapng,R6,135,1352.9215178489685,0.0,0.618,0.018,0.362,0.002,Sensor
/home/lmy/iot-device-classification/dataset/sensor/round6_jitter/sensor_r6.pcapng,R6,136,1361.184720993042,0.1,0.464,0.054,0.378,0.004,Sensor
/home/lmy/iot-device-classification/dataset/sensor/round6_jitter/sensor_r6.pcapng,R6,137,1372.0741469860077,0.026,0.69,0.014,0.266,0.004,Sensor
/home/lmy/iot-device-classification/dataset/sensor/round6_jitter/sensor_r6.pcapng,R6,138,1384.7383348941803,0.01,0.666,0.008,0.314,0.002,Sensor
/home/lmy/iot-device-classification/dataset/sensor/round6_jitter/sensor_r6.pcapng,R6,139,1393.057207584381,0.0,0.522,0.018,0.46,0.0,Sensor
/home/lmy/iot-device-classification/dataset/sensor/round6_jitter/sensor_r6.pcapng,R6,140,1402.109628200531,0.002,0.812,0.07,0.116,0.0,Sensor
/home/lmy/iot-device-classification/dataset/sensor/round6_jitter/sensor_r6.pcapng,R6,141,1411.5214035511017,0.006,0.706,0.02,0.266,0.002,Sensor
/home/lmy/iot-device-classification/dataset/sensor/round6_jitter/sensor_r6.pcapng,R6,142,1425.4835183620453,0.004,0.604,0.03,0.358,0.004,Sensor
/home/lmy/iot-device-classification/dataset/sensor/round6_jitter/sensor_r6.pcapng,R6,143,1432.1350774765017,0.03,0.668,0.02,0.278,0.004,Sensor
/home/lmy/iot-device-classification/dataset/sensor/round6_jitter/sensor_r6.pcapng,R6,144,1446.2251958847046,0.026,0.656,0.042,0.274,0.002,Sensor
/home/lmy/iot-device-classification/dataset/sensor/round6_jitter/sensor_r6.pcapng,R6,145,1451.7206308841703,0.002,0.64,0.124,0.232,0.002,Sensor
/home/lmy/iot-device-classification/dataset/sensor/round6_jitter/sensor_r6.pcapng,R6,146,1460.3979938030243,0.0,0.802,0.044,0.154,0.0,Sensor
/home/lmy/iot-device-classification/dataset/sensor/round6_jitter/sensor_r6.pcapng,R6,147,1474.175618648529,0.028,0.508,0.044,0.402,0.018,Sensor
/home/lmy/iot-device-classification/dataset/sensor/round6_jitter/sensor_r6.pcapng,R6,148,1484.5586359500885,0.004,0.628,0.15,0.218,0.0,Sensor
/home/lmy/iot-device-classification/dataset/sensor/round6_jitter/sensor_r6.pcapng,R6,149,1492.1973614692688,0.0,0.822,0.036,0.142,0.0,Sensor
/home/lmy/iot-device-classification/dataset/sensor/round6_jitter/sensor_r6.pcapng,R6,150,1501.8216195106506,0.008,0.508,0.034,0.45,0.0,Sensor
/home/lmy/iot-device-classification/dataset/sensor/round6_jitter/sensor_r6.pcapng,R6,151,1513.6968295574188,0.018,0.446,0.016,0.512,0.008,Sensor
/home/lmy/iot-device-classification/dataset/sensor/round6_jitter/sensor_r6.pcapng,R6,152,1522.2294375896454,0.0,0.898,0.03,0.072,0.0,Sensor
/home/lmy/iot-device-classification/dataset/sensor/round6_jitter/sensor_r6.pcapng,R6,153,1536.3148782253263,0.008,0.684,0.008,0.296,0.004,Sensor
/home/lmy/iot-device-classification/dataset/sensor/round6_jitter/sensor_r6.pcapng,R6,154,1542.2359821796415,0.002,0.624,0.02,0.352,0.002,Sensor
/home/lmy/iot-device-classification/dataset/sensor/round6_jitter/sensor_r6.pcapng,R6,155,1552.253952741623,0.04,0.622,0.052,0.282,0.004,Sensor
/home/lmy/iot-device-classification/dataset/sensor/round6_jitter/sensor_r6.pcapng,R6,156,1563.6270415782928,0.016,0.648,0.014,0.312,0.01,Sensor
/home/lmy/iot-device-classification/dataset/sensor/round6_jitter/sensor_r6.pcapng,R6,157,1574.0161714553833,0.0,0.51,0.002,0.486,0.002,Sensor
/home/lmy/iot-device-classification/dataset/sensor/round6_jitter/sensor_r6.pcapng,R6,158,1582.2849342823029,0.004,0.826,0.074,0.096,0.0,Sensor
/home/lmy/iot-device-classification/dataset/sensor/round6_jitter/sensor_r6.pcapng,R6,159,1592.5850389003754,0.002,0.616,0.004,0.378,0.0,Sensor
/home/lmy/iot-device-classification/dataset/sensor/round6_jitter/sensor_r6.pcapng,R6,160,1605.2263123989103,0.01,0.606,0.004,0.38,0.0,Sensor
/home/lmy/iot-device-classification/dataset/sensor/round6_jitter/sensor_r6.pcapng,R6,161,1611.8017358779907,0.008,0.858,0.026,0.106,0.002,Sensor
/home/lmy/iot-device-classification/dataset/sensor/round6_jitter/sensor_r6.pcapng,R6,162,1623.93572807312,0.148,0.572,0.048,0.224,0.008,Sensor
/home/lmy/iot-device-classification/dataset/sensor/round6_jitter/sensor_r6.pcapng,R6,163,1631.724918603897,0.016,0.724,0.076,0.184,0.0,Sensor
/home/lmy/iot-device-classification/dataset/sensor/round6_jitter/sensor_r6.pcapng,R6,164,1642.3515610694883,0.002,0.83,0.046,0.122,0.0,Sensor
/home/lmy/iot-device-classification/dataset/sensor/round6_jitter/sensor_r6.pcapng,R6,165,1652.7836666107178,0.002,0.614,0.006,0.378,0.0,Sensor
/home/lmy/iot-device-classification/dataset/sensor/round6_jitter/sensor_r6.pcapng,R6,166,1662.8713550567627,0.002,0.678,0.028,0.29,0.002,Sensor
/home/lmy/iot-device-classification/dataset/sensor/round6_jitter/sensor_r6.pcapng,R6,167,1672.3728353977203,0.002,0.814,0.076,0.108,0.0,Sensor
/home/lmy/iot-device-classification/dataset/sensor/round6_jitter/sensor_r6.pcapng,R6,168,1686.335990190506,0.012,0.62,0.024,0.336,0.008,Sensor
/home/lmy/iot-device-classification/dataset/sensor/round6_jitter/sensor_r6.pcapng,R6,169,1694.6556453704834,0.026,0.746,0.01,0.2,0.018,Sensor
/home/lmy/iot-device-classification/dataset/sensor/round6_jitter/sensor_r6.pcapng,R6,170,1701.0828342437744,0.0,0.9,0.008,0.092,0.0,Sensor
/home/lmy/iot-device-classification/dataset/sensor/round6_jitter/sensor_r6.pcapng,R6,171,1713.3755955696106,0.006,0.72,0.044,0.23,0.0,Sensor
/home/lmy/iot-device-classification/dataset/sensor/round6_jitter/sensor_r6.pcapng,R6,172,1724.0999155044556,0.028,0.746,0.044,0.182,0.0,Sensor
/home/lmy/iot-device-classification/dataset/sensor/round6_jitter/sensor_r6.pcapng,R6,173,1732.4553537368774,0.002,0.804,0.038,0.156,0.0,Sensor
/home/lmy/iot-device-classification/dataset/sensor/round6_jitter/sensor_r6.pcapng,R6,174,1744.575636386871,0.038,0.502,0.054,0.386,0.02,Sensor
/home/lmy/iot-device-classification/dataset/sensor/round6_jitter/sensor_r6.pcapng,R6,175,1753.7160997390747,0.012,0.564,0.168,0.242,0.014,Sensor
/home/lmy/iot-device-classification/dataset/sensor/round6_jitter/sensor_r6.pcapng,R6,176,1762.4303283691406,0.006,0.91,0.018,0.064,0.002,Sensor
/home/lmy/iot-device-classification/dataset/sensor/round6_jitter/sensor_r6.pcapng,R6,177,1775.7770054340365,0.002,0.44,0.132,0.412,0.014,Sensor
/home/lmy/iot-device-classification/dataset/sensor/round6_jitter/sensor_r6.pcapng,R6,178,1780.5918054580688,0.002,0.544,0.002,0.448,0.004,Sensor
/home/lmy/iot-device-classification/dataset/sensor/round6_jitter/sensor_r6.pcapng,R6,179,1790.3839921951294,0.002,0.81,0.044,0.144,0.0,Sensor
/home/lmy/iot-device-classification/dataset/sensor/round6_jitter/sensor_r6.pcapng,R6,180,1806.588723897934,0.004,0.686,0.026,0.284,0.0,Sensor
/home/lmy/iot-device-classification/dataset/sensor/round6_jitter/sensor_r6.pcapng,R6,181,1813.8365306854248,0.006,0.586,0.04,0.366,0.002,Sensor
/home/lmy/iot-device-classification/dataset/sensor/round6_jitter/sensor_r6.pcapng,R6,182,1822.4741151332853,0.016,0.638,0.042,0.3,0.004,Sensor
/home/lmy/iot-device-classification/dataset/sensor/round6_jitter/sensor_r6.pcapng,R6,183,1833.991492509842,0.006,0.72,0.002,0.272,0.0,Sensor
/home/lmy/iot-device-classification/dataset/sensor/round6_jitter/sensor_r6.pcapng,R6,184,1844.0992631912231,0.012,0.454,0.014,0.518,0.002,Sensor
/home/lmy/iot-device-classification/dataset/sensor/round6_jitter/sensor_r6.pcapng,R6,185,1852.5591955184937,0.004,0.82,0.09,0.086,0.0,Sensor
/home/lmy/iot-device-classification/dataset/sensor/round6_jitter/sensor_r6.pcapng,R6,186,1862.1561574935915,0.002,0.626,0.004,0.368,0.0,Sensor
/home/lmy/iot-device-classification/dataset/sensor/round6_jitter/sensor_r6.pcapng,R6,187,1873.5391964912412,0.002,0.454,0.004,0.54,0.0,Sensor
/home/lmy/iot-device-classification/dataset/sensor/round6_jitter/sensor_r6.pcapng,R6,188,1882.5832595825195,0.008,0.794,0.068,0.13,0.0,Sensor
/home/lmy/iot-device-classification/dataset/sensor/round6_jitter/sensor_r6.pcapng,R6,189,1890.120095014572,0.01,0.78,0.05,0.16,0.0,Sensor
/home/lmy/iot-device-classification/dataset/sensor/round6_jitter/sensor_r6.pcapng,R6,190,1901.336373806,0.0,0.688,0.034,0.276,0.002,Sensor
/home/lmy/iot-device-classification/dataset/sensor/round6_jitter/sensor_r6.pcapng,R6,191,1911.1315054893491,0.002,0.798,0.062,0.136,0.002,Sensor
/home/lmy/iot-device-classification/dataset/sensor/round6_jitter/sensor_r6.pcapng,R6,192,1923.5823330879207,0.004,0.652,0.006,0.336,0.002,Sensor
/home/lmy/iot-device-classification/dataset/sensor/round6_jitter/sensor_r6.pcapng,R6,193,1933.856679201126,0.014,0.512,0.056,0.418,0.0,Sensor
/home/lmy/iot-device-classification/dataset/sensor/round6_jitter/sensor_r6.pcapng,R6,194,1940.5565564632416,0.0,0.95,0.006,0.044,0.0,Sensor
/home/lmy/iot-device-classification/dataset/sensor/round6_jitter/sensor_r6.pcapng,R6,195,1956.7697186470032,0.078,0.642,0.038,0.236,0.006,Sensor
/home/lmy/iot-device-classification/dataset/sensor/round6_jitter/sensor_r6.pcapng,R6,196,1961.620436668396,0.006,0.576,0.024,0.394,0.0,Sensor
/home/lmy/iot-device-classification/dataset/sensor/round6_jitter/sensor_r6.pcapng,R6,197,1972.6716022491453,0.0,0.82,0.022,0.158,0.0,Sensor
/home/lmy/iot-device-classification/dataset/sensor/round6_jitter/sensor_r6.pcapng,R6,198,1985.8559210300448,0.008,0.86,0.044,0.086,0.002,Sensor
/home/lmy/iot-device-classification/dataset/sensor/round6_jitter/sensor_r6.pcapng,R6,199,1993.196551561356,0.062,0.582,0.004,0.344,0.008,Sensor
/home/lmy/iot-device-classification/dataset/sensor/round6_jitter/sensor_r6.pcapng,R6,200,2002.699702739716,0.0,0.842,0.04,0.118,0.0,Sensor
/home/lmy/iot-device-classification/dataset/sensor/round6_jitter/sensor_r6.pcapng,R6,201,2012.840649843216,0.0,0.75,0.028,0.22,0.002,Sensor
/home/lmy/iot-device-classification/dataset/sensor/round6_jitter/sensor_r6.pcapng,R6,202,2026.8084697723389,0.018,0.518,0.056,0.402,0.006,Sensor
/home/lmy/iot-device-classification/dataset/sensor/round6_jitter/sensor_r6.pcapng,R6,203,2032.7337658405304,0.002,0.8,0.058,0.14,0.0,Sensor
/home/lmy/iot-device-classification/dataset/sensor/round6_jitter/sensor_r6.pcapng,R6,204,2041.1816906929016,0.026,0.428,0.05,0.492,0.004,Sensor
/home/lmy/iot-device-classification/dataset/sensor/round6_jitter/sensor_r6.pcapng,R6,205,2055.281462669373,0.024,0.446,0.042,0.486,0.002,Sensor
/home/lmy/iot-device-classification/dataset/sensor/round6_jitter/sensor_r6.pcapng,R6,206,2062.4826633930206,0.0,0.844,0.054,0.102,0.0,Sensor
/home/lmy/iot-device-classification/dataset/sensor/round6_jitter/sensor_r6.pcapng,R6,207,2076.482488393784,0.034,0.6,0.014,0.344,0.008,Sensor
/home/lmy/iot-device-classification/dataset/sensor/round6_jitter/sensor_r6.pcapng,R6,208,2084.100105047226,0.16,0.46,0.026,0.352,0.002,Sensor
/home/lmy/iot-device-classification/dataset/sensor/round6_jitter/sensor_r6.pcapng,R6,209,2092.787308692932,0.032,0.658,0.044,0.262,0.004,Sensor
/home/lmy/iot-device-classification/dataset/sensor/round6_jitter/sensor_r6.pcapng,R6,210,2106.507800102234,0.026,0.444,0.038,0.49,0.002,Sensor
/home/lmy/iot-device-classification/dataset/sensor/round6_jitter/sensor_r6.pcapng,R6,211,2116.8969011306763,0.008,0.572,0.006,0.414,0.0,Sensor
/home/lmy/iot-device-classification/dataset/sensor/round6_jitter/sensor_r6.pcapng,R6,212,2121.720445871353,0.002,0.838,0.072,0.088,0.0,Sensor
/home/lmy/iot-device-classification/dataset/sensor/round6_jitter/sensor_r6.pcapng,R6,213,2136.9181191921234,0.052,0.398,0.068,0.46,0.022,Sensor
/home/lmy/iot-device-classification/dataset/sensor/round6_jitter/sensor_r6.pcapng,R6,214,2141.8213143348694,0.0,0.524,0.004,0.472,0.0,Sensor
/home/lmy/iot-device-classification/dataset/sensor/round6_jitter/sensor_r6.pcapng,R6,215,2151.304046392441,0.002,0.818,0.052,0.128,0.0,Sensor
/home/lmy/iot-device-classification/dataset/sensor/round6_jitter/sensor_r6.pcapng,R6,216,2160.27153468132,0.004,0.704,0.04,0.252,0.0,Sensor
/home/lmy/iot-device-classification/dataset/sensor/round6_jitter/sensor_r6.pcapng,R6,217,2174.100108385086,0.018,0.516,0.076,0.39,0.0,Sensor
/home/lmy/iot-device-classification/dataset/sensor/round6_jitter/sensor_r6.pcapng,R6,218,2182.839534521103,0.0,0.82,0.046,0.134,0.0,Sensor
/home/lmy/iot-device-classification/dataset/sensor/round6_jitter/sensor_r6.pcapng,R6,219,2191.3562564849854,0.03,0.608,0.01,0.346,0.006,Sensor
/home/lmy/iot-device-classification/dataset/sensor/round6_jitter/sensor_r6.pcapng,R6,220,2200.191806793213,0.006,0.47,0.004,0.518,0.002,Sensor
/home/lmy/iot-device-classification/dataset/sensor/round6_jitter/sensor_r6.pcapng,R6,221,2212.8683116436005,0.058,0.654,0.016,0.262,0.01,Sensor
/home/lmy/iot-device-classification/dataset/sensor/round6_jitter/sensor_r6.pcapng,R6,222,2225.0561652183533,0.008,0.58,0.048,0.364,0.0,Sensor
/home/lmy/iot-device-classification/dataset/sensor/round6_jitter/sensor_r6.pcapng,R6,223,2232.716936588288,0.004,0.638,0.09,0.268,0.0,Sensor
/home/lmy/iot-device-classification/dataset/sensor/round6_jitter/sensor_r6.pcapng,R6,224,2240.538470268249,0.16,0.63,0.026,0.176,0.008,Sensor
/home/lmy/iot-device-classification/dataset/sensor/round6_jitter/sensor_r6.pcapng,R6,225,2251.425244808197,0.036,0.506,0.068,0.388,0.002,Sensor
/home/lmy/iot-device-classification/dataset/sensor/round6_jitter/sensor_r6.pcapng,R6,226,2263.00040102005,0.0,0.644,0.04,0.314,0.002,Sensor
/home/lmy/iot-device-classification/dataset/sensor/round6_jitter/sensor_r6.pcapng,R6,227,2270.636968612671,0.014,0.644,0.012,0.326,0.004,Sensor
/home/lmy/iot-device-classification/dataset/sensor/round6_jitter/sensor_r6.pcapng,R6,228,2283.781233549118,0.002,0.504,0.02,0.474,0.0,Sensor
/home/lmy/iot-device-classification/dataset/sensor/round6_jitter/sensor_r6.pcapng,R6,229,2292.981935501098,0.002,0.576,0.002,0.416,0.004,Sensor
/home/lmy/iot-device-classification/dataset/sensor/round6_jitter/sensor_r6.pcapng,R6,230,2302.965126514435,0.096,0.786,0.028,0.082,0.008,Sensor
/home/lmy/iot-device-classification/dataset/sensor/round6_jitter/sensor_r6.pcapng,R6,231,2311.879776239395,0.0,0.678,0.008,0.312,0.002,Sensor
/home/lmy/iot-device-classification/dataset/sensor/round6_jitter/sensor_r6.pcapng,R6,232,2320.98435497284,0.008,0.484,0.066,0.44,0.002,Sensor
/home/lmy/iot-device-classification/dataset/sensor/round6_jitter/sensor_r6.pcapng,R6,233,2332.989374399185,0.018,0.606,0.008,0.364,0.004,Sensor
/home/lmy/iot-device-classification/dataset/sensor/round6_jitter/sensor_r6.pcapng,R6,234,2342.119308233261,0.004,0.626,0.008,0.36,0.002,Sensor
/home/lmy/iot-device-classification/dataset/sensor/round6_jitter/sensor_r6.pcapng,R6,235,2353.659551858902,0.002,0.822,0.052,0.124,0.0,Sensor
/home/lmy/iot-device-classification/dataset/sensor/round6_jitter/sensor_r6.pcapng,R6,236,2362.825976371765,0.0,0.816,0.062,0.122,0.0,Sensor
/home/lmy/iot-device-classification/dataset/sensor/round6_jitter/sensor_r6.pcapng,R6,237,2374.419525384903,0.046,0.646,0.034,0.272,0.002,Sensor
/home/lmy/iot-device-classification/dataset/sensor/round6_jitter/sensor_r6.pcapng,R6,238,2384.419075012207,0.002,0.538,0.0,0.458,0.002,Sensor
/home/lmy/iot-device-classification/dataset/sensor/round6_jitter/sensor_r6.pcapng,R6,239,2393.048846006393,0.006,0.774,0.086,0.132,0.002,Sensor
/home/lmy/iot-device-classification/dataset/sensor/round6_jitter/sensor_r6.pcapng,R6,240,2402.6092898845677,0.002,0.578,0.002,0.414,0.004,Sensor
/home/lmy/iot-device-classification/dataset/sensor/round6_jitter/sensor_r6.pcapng,R6,241,2414.3458013534546,0.0,0.44,0.02,0.54,0.0,Sensor
/home/lmy/iot-device-classification/dataset/sensor/round6_jitter/sensor_r6.pcapng,R6,242,2423.0791602134705,0.02,0.544,0.046,0.374,0.016,Sensor
/home/lmy/iot-device-classification/dataset/sensor/round6_jitter/sensor_r6.pcapng,R6,243,2433.7579107284546,0.014,0.62,0.022,0.34,0.004,Sensor
/home/lmy/iot-device-classification/dataset/sensor/round6_jitter/sensor_r6.pcapng,R6,244,2442.6808223724365,0.01,0.572,0.008,0.41,0.0,Sensor
/home/lmy/iot-device-classification/dataset/sensor/round6_jitter/sensor_r6.pcapng,R6,245,2453.1091759204865,0.036,0.612,0.026,0.322,0.004,Sensor
/home/lmy/iot-device-classification/dataset/sensor/round6_jitter/sensor_r6.pcapng,R6,246,2464.2579123973846,0.016,0.524,0.006,0.454,0.0,Sensor
/home/lmy/iot-device-classification/dataset/sensor/round6_jitter/sensor_r6.pcapng,R6,247,2474.6567425727844,0.002,0.484,0.028,0.484,0.002,Sensor
/home/lmy/iot-device-classification/dataset/sensor/round6_jitter/sensor_r6.pcapng,R6,248,2480.260799884796,0.004,0.792,0.086,0.118,0.0,Sensor
/home/lmy/iot-device-classification/dataset/sensor/round6_jitter/sensor_r6.pcapng,R6,249,2493.818772792816,0.008,0.66,0.066,0.264,0.002,Sensor
/home/lmy/iot-device-classification/dataset/sensor/round6_jitter/sensor_r6.pcapng,R6,250,2502.2508931159973,0.0,0.674,0.048,0.276,0.002,Sensor
/home/lmy/iot-device-classification/dataset/sensor/round6_jitter/sensor_r6.pcapng,R6,251,2511.2800335884094,0.0,0.74,0.084,0.176,0.0,Sensor
/home/lmy/iot-device-classification/dataset/sensor/round6_jitter/sensor_r6.pcapng,R6,252,2523.7187066078186,0.0,0.62,0.02,0.358,0.002,Sensor
/home/lmy/iot-device-classification/dataset/sensor/round6_jitter/sensor_r6.pcapng,R6,253,2534.1002264022827,0.1,0.476,0.094,0.318,0.012,Sensor
/home/lmy/iot-device-classification/dataset/sensor/round6_jitter/sensor_r6.pcapng,R6,254,2540.317286014557,0.036,0.674,0.036,0.25,0.004,Sensor
/home/lmy/iot-device-classification/dataset/sensor/round6_jitter/sensor_r6.pcapng,R6,255,2555.776905536652,0.028,0.52,0.054,0.38,0.018,Sensor
/home/lmy/iot-device-classification/dataset/sensor/round6_jitter/sensor_r6.pcapng,R6,256,2566.176562309265,0.006,0.572,0.028,0.39,0.004,Sensor
/home/lmy/iot-device-classification/dataset/sensor/round6_jitter/sensor_r6.pcapng,R6,257,2573.234663248062,0.002,0.818,0.07,0.11,0.0,Sensor
/home/lmy/iot-device-classification/dataset/sensor/round6_jitter/sensor_r6.pcapng,R6,258,2585.436061143875,0.034,0.48,0.09,0.394,0.002,Sensor
/home/lmy/iot-device-classification/dataset/sensor/round6_jitter/sensor_r6.pcapng,R6,259,2590.476612329483,0.024,0.494,0.09,0.39,0.002,Sensor
/home/lmy/iot-device-classification/dataset/sensor/round6_jitter/sensor_r6.pcapng,R6,260,2602.782879114151,0.0,0.836,0.042,0.122,0.0,Sensor
/home/lmy/iot-device-classification/dataset/sensor/round6_jitter/sensor_r6.pcapng,R6,261,2612.8893070220947,0.004,0.698,0.024,0.272,0.002,Sensor
/home/lmy/iot-device-classification/dataset/sensor/round6_jitter/sensor_r6.pcapng,R6,262,2621.818428993225,0.006,0.568,0.056,0.368,0.002,Sensor
/home/lmy/iot-device-classification/dataset/sensor/round6_jitter/sensor_r6.pcapng,R6,263,2630.981130361557,0.0,0.734,0.07,0.196,0.0,Sensor
/home/lmy/iot-device-classification/dataset/sensor/round6_jitter/sensor_r6.pcapng,R6,264,2641.9188239574432,0.012,0.528,0.038,0.422,0.0,Sensor
/home/lmy/iot-device-classification/dataset/sensor/round6_jitter/sensor_r6.pcapng,R6,265,2652.100750684738,0.012,0.814,0.032,0.14,0.002,Sensor
/home/lmy/iot-device-classification/dataset/sensor/round6_jitter/sensor_r6.pcapng,R6,266,2660.081351041794,0.002,0.79,0.068,0.14,0.0,Sensor
/home/lmy/iot-device-classification/dataset/sensor/round6_jitter/sensor_r6.pcapng,R6,267,2672.118000268936,0.0,0.606,0.032,0.362,0.0,Sensor
/home/lmy/iot-device-classification/dataset/sensor/round6_jitter/sensor_r6.pcapng,R6,268,2682.2187809944157,0.014,0.566,0.026,0.394,0.0,Sensor
/home/lmy/iot-device-classification/dataset/sensor/round6_jitter/sensor_r6.pcapng,R6,269,2691.2826216220856,0.002,0.826,0.022,0.15,0.0,Sensor
/home/lmy/iot-device-classification/dataset/sensor/round6_jitter/sensor_r6.pcapng,R6,270,2704.5578532218933,0.072,0.542,0.014,0.368,0.004,Sensor
/home/lmy/iot-device-classification/dataset/sensor/round6_jitter/sensor_r6.pcapng,R6,271,2712.481185913086,0.008,0.602,0.044,0.346,0.0,Sensor
/home/lmy/iot-device-classification/dataset/sensor/round6_jitter/sensor_r6.pcapng,R6,272,2723.378007173538,0.004,0.812,0.066,0.118,0.0,Sensor
/home/lmy/iot-device-classification/dataset/sensor/round6_jitter/sensor_r6.pcapng,R6,273,2734.6581399440765,0.0,0.49,0.0,0.51,0.0,Sensor
/home/lmy/iot-device-classification/dataset/sensor/round6_jitter/sensor_r6.pcapng,R6,274,2745.0564682483678,0.03,0.39,0.044,0.518,0.018,Sensor
/home/lmy/iot-device-classification/dataset/sensor/round6_jitter/sensor_r6.pcapng,R6,275,2752.9569022655487,0.102,0.798,0.024,0.068,0.008,Sensor
/home/lmy/iot-device-classification/dataset/sensor/round6_jitter/sensor_r6.pcapng,R6,276,2765.857979297638,0.028,0.488,0.036,0.43,0.018,Sensor
/home/lmy/iot-device-classification/dataset/sensor/round6_jitter/sensor_r6.pcapng,R6,277,2774.177215576172,0.03,0.414,0.02,0.51,0.026,Sensor
/home/lmy/iot-device-classification/dataset/sensor/round6_jitter/sensor_r6.pcapng,R6,278,2781.78964471817,0.016,0.626,0.006,0.348,0.004,Sensor
/home/lmy/iot-device-classification/dataset/sensor/round6_jitter/sensor_r6.pcapng,R6,279,2790.080619096756,0.008,0.654,0.018,0.318,0.002,Sensor
/home/lmy/iot-device-classification/dataset/sensor/round6_jitter/sensor_r6.pcapng,R6,280,2800.7602055072784,0.01,0.706,0.04,0.242,0.002,Sensor
/home/lmy/iot-device-classification/dataset/sensor/round6_jitter/sensor_r6.pcapng,R6,281,2813.4672055244446,0.0,0.848,0.01,0.142,0.0,Sensor
/home/lmy/iot-device-classification/dataset/sensor/round6_jitter/sensor_r6.pcapng,R6,282,2824.096025466919,0.044,0.416,0.036,0.492,0.012,Sensor
/home/lmy/iot-device-classification/dataset/sensor/round6_jitter/sensor_r6.pcapng,R6,283,2833.2200338840485,0.008,0.734,0.1,0.158,0.0,Sensor
/home/lmy/iot-device-classification/dataset/sensor/round6_jitter/sensor_r6.pcapng,R6,284,2843.497640609741,0.168,0.594,0.032,0.196,0.01,Sensor
/home/lmy/iot-device-classification/dataset/sensor/round6_jitter/sensor_r6.pcapng,R6,285,2850.376551389694,0.044,0.592,0.116,0.244,0.004,Sensor
/home/lmy/iot-device-classification/dataset/sensor/round6_jitter/sensor_r6.pcapng,R6,286,2862.328135490417,0.002,0.718,0.03,0.248,0.002,Sensor
/home/lmy/iot-device-classification/dataset/sensor/round6_jitter/sensor_r6.pcapng,R6,287,2872.469989061356,0.018,0.646,0.006,0.326,0.004,Sensor
/home/lmy/iot-device-classification/dataset/sensor/round6_jitter/sensor_r6.pcapng,R6,288,2881.5077135562897,0.006,0.68,0.01,0.302,0.002,Sensor
/home/lmy/iot-device-classification/dataset/sensor/round6_jitter/sensor_r6.pcapng,R6,289,2892.427971601486,0.008,0.668,0.02,0.304,0.0,Sensor
/home/lmy/iot-device-classification/dataset/sensor/round6_jitter/sensor_r6.pcapng,R6,290,2903.556463956833,0.028,0.666,0.028,0.274,0.004,Sensor
/home/lmy/iot-device-classification/dataset/sensor/round6_jitter/sensor_r6.pcapng,R6,291,2911.757483959198,0.016,0.496,0.062,0.424,0.002,Sensor
/home/lmy/iot-device-classification/dataset/sensor/round6_jitter/sensor_r6.pcapng,R6,292,2926.016751050949,0.028,0.388,0.02,0.548,0.016,Sensor
/home/lmy/iot-device-classification/dataset/sensor/round6_jitter/sensor_r6.pcapng,R6,293,2933.58802819252,0.094,0.788,0.032,0.078,0.008,Sensor
/home/lmy/iot-device-classification/dataset/sensor/round6_jitter/sensor_r6.pcapng,R6,294,2946.8162245750427,0.004,0.502,0.014,0.476,0.004,Sensor
/home/lmy/iot-device-classification/dataset/sensor/round6_jitter/sensor_r6.pcapng,R6,295,2953.667563199997,0.006,0.592,0.116,0.282,0.004,Sensor
/home/lmy/iot-device-classification/dataset/sensor/round6_jitter/sensor_r6.pcapng,R6,296,2962.4271564483643,0.0,0.814,0.056,0.13,0.0,Sensor
/home/lmy/iot-device-classification/dataset/sensor/round6_jitter/sensor_r6.pcapng,R6,297,2977.7613232135773,0.026,0.604,0.026,0.342,0.002,Sensor
/home/lmy/iot-device-classification/dataset/sensor/round6_jitter/sensor_r6.pcapng,R6,298,2984.0999431610107,0.016,0.578,0.016,0.386,0.004,Sensor
/home/lmy/iot-device-classification/dataset/sensor/round6_jitter/sensor_r6.pcapng,R6,299,2991.1912865638733,0.012,0.662,0.01,0.312,0.004,Sensor
/home/lmy/iot-device-classification/dataset/sensor/round6_jitter/sensor_r6.pcapng,R6,300,3005.0556931495667,0.042,0.44,0.052,0.464,0.002,Sensor
/home/lmy/iot-device-classification/dataset/sensor/round6_jitter/sensor_r6.pcapng,R6,301,3010.635997533798,0.01,0.486,0.062,0.44,0.002,Sensor
/home/lmy/iot-device-classification/dataset/sensor/round6_jitter/sensor_r6.pcapng,R6,302,3023.6698203086853,0.002,0.818,0.058,0.12,0.002,Sensor
/home/lmy/iot-device-classification/dataset/sensor/round6_jitter/sensor_r6.pcapng,R6,303,3031.014707326889,0.048,0.492,0.112,0.346,0.002,Sensor
/home/lmy/iot-device-classification/dataset/sensor/round6_jitter/sensor_r6.pcapng,R6,304,3040.563106775284,0.05,0.442,0.054,0.444,0.01,Sensor
/home/lmy/iot-device-classification/dataset/sensor/round6_jitter/sensor_r6.pcapng,R6,305,3053.7019624710083,0.036,0.648,0.01,0.302,0.004,Sensor
/home/lmy/iot-device-classification/dataset/sensor/round6_jitter/sensor_r6.pcapng,R6,306,3062.689794778824,0.046,0.564,0.018,0.368,0.004,Sensor
/home/lmy/iot-device-classification/dataset/sensor/round6_jitter/sensor_r6.pcapng,R6,307,3071.469362020493,0.02,0.704,0.092,0.184,0.0,Sensor
/home/lmy/iot-device-classification/dataset/sensor/round6_jitter/sensor_r6.pcapng,R6,308,3083.591498374939,0.076,0.744,0.042,0.13,0.008,Sensor
/home/lmy/iot-device-classification/dataset/sensor/round6_jitter/sensor_r6.pcapng,R6,309,3093.693711042404,0.014,0.756,0.076,0.152,0.002,Sensor
/home/lmy/iot-device-classification/dataset/sensor/round6_jitter/sensor_r6.pcapng,R6,310,3102.4478685855865,0.004,0.674,0.034,0.286,0.002,Sensor
/home/lmy/iot-device-classification/dataset/sensor/round6_jitter/sensor_r6.pcapng,R6,311,3111.467913866043,0.12,0.7,0.04,0.134,0.006,Sensor
/home/lmy/iot-device-classification/dataset/sensor/round6_jitter/sensor_r6.pcapng,R6,312,3125.705363035202,0.014,0.514,0.008,0.458,0.006,Sensor
/home/lmy/iot-device-classification/dataset/sensor/round6_jitter/sensor_r6.pcapng,R6,313,3133.916684627533,0.002,0.776,0.004,0.216,0.002,Sensor
/home/lmy/iot-device-classification/dataset/sensor/round6_jitter/sensor_r6.pcapng,R6,314,3143.7410683631897,0.042,0.572,0.02,0.362,0.004,Sensor
/home/lmy/iot-device-classification/dataset/sensor/round6_jitter/sensor_r6.pcapng,R6,315,3150.792204618454,0.002,0.684,0.01,0.304,0.0,Sensor
/home/lmy/iot-device-classification/dataset/sensor/round6_jitter/sensor_r6.pcapng,R6,316,3164.0989739894867,0.086,0.416,0.044,0.45,0.004,Sensor
/home/lmy/iot-device-classification/dataset/sensor/round6_jitter/sensor_r6.pcapng,R6,317,3171.997833490372,0.018,0.65,0.016,0.312,0.004,Sensor
/home/lmy/iot-device-classification/dataset/sensor/round6_jitter/sensor_r6.pcapng,R6,318,3180.6272547245026,0.004,0.468,0.004,0.522,0.002,Sensor
/home/lmy/iot-device-classification/dataset/sensor/round6_jitter/sensor_r6.pcapng,R6,319,3190.388164520264,0.0,0.67,0.01,0.318,0.002,Sensor
/home/lmy/iot-device-classification/dataset/sensor/round6_jitter/sensor_r6.pcapng,R6,320,3201.388548374176,0.094,0.722,0.036,0.132,0.016,Sensor
/home/lmy/iot-device-classification/dataset/sensor/round6_jitter/sensor_r6.pcapng,R6,321,3213.3434693813324,0.068,0.524,0.06,0.342,0.006,Sensor
/home/lmy/iot-device-classification/dataset/sensor/round6_jitter/sensor_r6.pcapng,R6,323,3233.7841062545776,0.028,0.644,0.022,0.302,0.004,Sensor
/home/lmy/iot-device-classification/dataset/sensor/round6_jitter/sensor_r6.pcapng,R6,324,3240.568259716034,0.002,0.768,0.008,0.22,0.002,Sensor
/home/lmy/iot-device-classification/dataset/sensor/round6_jitter/sensor_r6.pcapng,R6,325,3251.5685946941376,0.138,0.658,0.074,0.128,0.002,Sensor
/home/lmy/iot-device-classification/dataset/sensor/round6_jitter/sensor_r6.pcapng,R6,326,3262.469162940979,0.042,0.618,0.072,0.264,0.004,Sensor
/home/lmy/iot-device-classification/dataset/sensor/round6_jitter/sensor_r6.pcapng,R6,327,3272.7686150074005,0.022,0.514,0.098,0.364,0.002,Sensor
/home/lmy/iot-device-classification/dataset/sensor/round6_jitter/sensor_r6.pcapng,R6,328,3285.856001853943,0.032,0.41,0.066,0.48,0.012,Sensor
/home/lmy/iot-device-classification/dataset/sensor/round6_jitter/sensor_r6.pcapng,R6,329,3293.84125828743,0.004,0.812,0.062,0.12,0.002,Sensor
/home/lmy/iot-device-classification/dataset/sensor/round6_jitter/sensor_r6.pcapng,R6,330,3306.655344724655,0.006,0.524,0.012,0.458,0.0,Sensor
/home/lmy/iot-device-classification/dataset/sensor/round6_jitter/sensor_r6.pcapng,R6,331,3312.9565999507904,0.012,0.7,0.036,0.248,0.004,Sensor
/home/lmy/iot-device-classification/dataset/sensor/round6_jitter/sensor_r6.pcapng,R6,332,3323.871477842331,0.112,0.612,0.022,0.248,0.006,Sensor
/home/lmy/iot-device-classification/dataset/sensor/round6_jitter/sensor_r6.pcapng,R6,333,3335.7752075195312,0.008,0.668,0.046,0.276,0.002,Sensor
/home/lmy/iot-device-classification/dataset/sensor/round6_jitter/sensor_r6.pcapng,R6,334,3344.099545955658,0.018,0.59,0.082,0.308,0.002,Sensor
/home/lmy/iot-device-classification/dataset/sensor/round6_jitter/sensor_r6.pcapng,R6,335,3353.901914358139,0.002,0.822,0.032,0.144,0.0,Sensor
/home/lmy/iot-device-classification/dataset/sensor/round6_jitter/sensor_r6.pcapng,R6,337,3372.5035815238957,0.004,0.45,0.006,0.538,0.002,Sensor
/home/lmy/iot-device-classification/dataset/sensor/round6_jitter/sensor_r6.pcapng,R6,338,3383.932092189789,0.004,0.836,0.062,0.098,0.0,Sensor
/home/lmy/iot-device-classification/dataset/sensor/round6_jitter/sensor_r6.pcapng,R6,339,3396.096028327942,0.028,0.506,0.042,0.406,0.018,Sensor
/home/lmy/iot-device-classification/dataset/sensor/round6_jitter/sensor_r6.pcapng,R6,340,3406.495579004288,0.006,0.494,0.008,0.488,0.004,Sensor
/home/lmy/iot-device-classification/dataset/sensor/round6_jitter/sensor_r6.pcapng,R6,341,3410.8107600212097,0.026,0.65,0.016,0.304,0.004,Sensor
/home/lmy/iot-device-classification/dataset/sensor/round6_jitter/sensor_r6.pcapng,R6,342,3420.6885271072388,0.006,0.682,0.062,0.25,0.0,Sensor
/home/lmy/iot-device-classification/dataset/sensor/round6_jitter/sensor_r6.pcapng,R6,343,3431.770619392395,0.002,0.584,0.038,0.374,0.002,Sensor
/home/lmy/iot-device-classification/dataset/sensor/round6_jitter/sensor_r6.pcapng,R6,344,3443.992684364319,0.004,0.84,0.046,0.11,0.0,Sensor
/home/lmy/iot-device-classification/dataset/sensor/round6_jitter/sensor_r6.pcapng,R6,345,3456.415245771408,0.062,0.612,0.066,0.256,0.004,Sensor
/home/lmy/iot-device-classification/dataset/sensor/round6_jitter/sensor_r6.pcapng,R6,346,3460.2602002620697,0.006,0.792,0.07,0.132,0.0,Sensor
/home/lmy/iot-device-classification/dataset/sensor/round6_jitter/sensor_r6.pcapng,R6,347,3474.024656772613,0.004,0.764,0.092,0.138,0.002,Sensor
/home/lmy/iot-device-classification/dataset/sensor/round6_jitter/sensor_r6.pcapng,R6,348,3485.5354816913605,0.026,0.516,0.02,0.424,0.014,Sensor
/home/lmy/iot-device-classification/dataset/sensor/round6_jitter/sensor_r6.pcapng,R6,349,3490.12525510788,0.004,0.814,0.006,0.176,0.0,Sensor
/home/lmy/iot-device-classification/dataset/sensor/round6_jitter/sensor_r6.pcapng,R6,350,3501.087475299835,0.002,0.754,0.044,0.2,0.0,Sensor
/home/lmy/iot-device-classification/dataset/sensor/round6_jitter/sensor_r6.pcapng,R6,351,3511.190973997116,0.012,0.638,0.022,0.326,0.002,Sensor
/home/lmy/iot-device-classification/dataset/sensor/round6_jitter/sensor_r6.pcapng,R6,352,3520.168764591217,0.008,0.628,0.016,0.348,0.0,Sensor
/home/lmy/iot-device-classification/dataset/sensor/round6_jitter/sensor_r6.pcapng,R6,353,3534.0863015651703,0.018,0.594,0.012,0.372,0.004,Sensor
/home/lmy/iot-device-classification/dataset/sensor/round6_jitter/sensor_r6.pcapng,R6,354,3545.855062246322,0.026,0.44,0.042,0.488,0.004,Sensor
/home/lmy/iot-device-classification/dataset/sensor/round6_jitter/sensor_r6.pcapng,R6,355,3553.7310366630554,0.044,0.588,0.084,0.282,0.002,Sensor
/home/lmy/iot-device-classification/dataset/sensor/round6_jitter/sensor_r6.pcapng,R6,356,3562.3958263397217,0.004,0.83,0.07,0.096,0.0,Sensor
/home/lmy/iot-device-classification/dataset/sensor/round6_jitter/sensor_r6.pcapng,R6,357,3575.4672327041626,0.014,0.72,0.066,0.2,0.0,Sensor
/home/lmy/iot-device-classification/dataset/sensor/round6_jitter/sensor_r6.pcapng,R6,358,3584.6884603500366,0.008,0.5,0.042,0.448,0.002,Sensor
/home/lmy/iot-device-classification/dataset/sensor/round6_jitter/sensor_r6.pcapng,R6,359,3592.506015777588,0.002,0.766,0.024,0.208,0.0,Sensor
/home/lmy/iot-device-classification/dataset/sensor/round6_jitter/sensor_r6.pcapng,R6,360,3600.567894935608,0.006,0.744,0.15,0.098,0.002,Sensor
/home/lmy/iot-device-classification/dataset/sensor/round6_jitter/sensor_r6.pcapng,R6,361,3613.9175894260406,0.162,0.474,0.02,0.34,0.004,Sensor
/home/lmy/iot-device-classification/dataset/sensor/round6_jitter/sensor_r6.pcapng,R6,362,3622.68732380867,0.0,0.792,0.032,0.176,0.0,Sensor
/home/lmy/iot-device-classification/dataset/sensor/round6_jitter/sensor_r6.pcapng,R6,363,3635.295603990555,0.004,0.524,0.002,0.466,0.004,Sensor
/home/lmy/iot-device-classification/dataset/sensor/round6_jitter/sensor_r6.pcapng,R6,364,3645.6955444812775,0.028,0.512,0.054,0.388,0.018,Sensor
/home/lmy/iot-device-classification/dataset/sensor/round6_jitter/sensor_r6.pcapng,R6,365,3654.049133062362,0.084,0.778,0.04,0.09,0.008,Sensor
/home/lmy/iot-device-classification/dataset/sensor/round6_jitter/sensor_r6.pcapng,R6,366,3664.236556768418,0.048,0.446,0.03,0.472,0.004,Sensor
/home/lmy/iot-device-classification/dataset/sensor/round6_jitter/sensor_r6.pcapng,R6,367,3671.087828397751,0.006,0.714,0.004,0.276,0.0,Sensor
/home/lmy/iot-device-classification/dataset/sensor/round6_jitter/sensor_r6.pcapng,R6,368,3682.288715839386,0.108,0.772,0.012,0.1,0.008,Sensor
/home/lmy/iot-device-classification/dataset/sensor/round6_jitter/sensor_r6.pcapng,R6,369,3690.295140981674,0.004,0.77,0.096,0.126,0.004,Sensor
/home/lmy/iot-device-classification/dataset/sensor/round6_jitter/sensor_r6.pcapng,R6,370,3702.547293901444,0.004,0.828,0.016,0.15,0.002,Sensor
/home/lmy/iot-device-classification/dataset/sensor/round6_jitter/sensor_r6.pcapng,R6,371,3711.565497398377,0.002,0.82,0.044,0.134,0.0,Sensor
/home/lmy/iot-device-classification/dataset/sensor/round6_jitter/sensor_r6.pcapng,R6,372,3725.3887498378754,0.002,0.57,0.002,0.422,0.004,Sensor
/home/lmy/iot-device-classification/dataset/sensor/round6_jitter/sensor_r6.pcapng,R6,373,3735.1357955932617,0.006,0.728,0.07,0.192,0.004,Sensor
/home/lmy/iot-device-classification/dataset/sensor/round6_jitter/sensor_r6.pcapng,R6,374,3744.036367416382,0.0,0.844,0.056,0.1,0.0,Sensor
/home/lmy/iot-device-classification/dataset/sensor/round6_jitter/sensor_r6.pcapng,R6,375,3753.627115488053,0.012,0.48,0.062,0.444,0.002,Sensor
/home/lmy/iot-device-classification/dataset/sensor/round6_jitter/sensor_r6.pcapng,R6,376,3766.337850809097,0.014,0.688,0.01,0.288,0.0,Sensor
/home/lmy/iot-device-classification/dataset/sensor/round6_jitter/sensor_r6.pcapng,R6,377,3774.3202710151672,0.026,0.628,0.008,0.334,0.004,Sensor
/home/lmy/iot-device-classification/dataset/sensor/round6_jitter/sensor_r6.pcapng,R6,378,3780.525772571564,0.006,0.692,0.07,0.23,0.002,Sensor
/home/lmy/iot-device-classification/dataset/sensor/round6_jitter/sensor_r6.pcapng,R6,379,3793.888293504715,0.02,0.726,0.106,0.148,0.0,Sensor
/home/lmy/iot-device-classification/dataset/sensor/round6_jitter/sensor_r6.pcapng,R6,380,3804.049030303955,0.028,0.674,0.024,0.27,0.004,Sensor
/home/lmy/iot-device-classification/dataset/sensor/round6_jitter/sensor_r6.pcapng,R6,381,3815.925666332245,0.002,0.632,0.04,0.324,0.002,Sensor
/home/lmy/iot-device-classification/dataset/sensor/round6_jitter/sensor_r6.pcapng,R6,382,3826.65691113472,0.028,0.534,0.062,0.374,0.002,Sensor
/home/lmy/iot-device-classification/dataset/sensor/round6_jitter/sensor_r6.pcapng,R6,383,3834.049768447876,0.092,0.664,0.026,0.21,0.008,Sensor
/home/lmy/iot-device-classification/dataset/sensor/round6_jitter/sensor_r6.pcapng,R6,384,3844.194793224335,0.004,0.51,0.062,0.422,0.002,Sensor
/home/lmy/iot-device-classification/dataset/sensor/round6_jitter/sensor_r6.pcapng,R6,385,3853.7330451011658,0.002,0.666,0.06,0.272,0.0,Sensor
/home/lmy/iot-device-classification/dataset/sensor/round6_jitter/sensor_r6.pcapng,R6,386,3862.426411390305,0.0,0.804,0.036,0.16,0.0,Sensor
/home/lmy/iot-device-classification/dataset/sensor/round6_jitter/sensor_r6.pcapng,R6,387,3876.576205968857,0.066,0.588,0.046,0.296,0.004,Sensor
/home/lmy/iot-device-classification/dataset/sensor/round6_jitter/sensor_r6.pcapng,R6,388,3880.468416929245,0.006,0.726,0.004,0.264,0.0,Sensor
/home/lmy/iot-device-classification/dataset/sensor/round6_jitter/sensor_r6.pcapng,R6,389,3894.317826986313,0.0,0.852,0.034,0.114,0.0,Sensor
/home/lmy/iot-device-classification/dataset/sensor/round6_jitter/sensor_r6.pcapng,R6,390,3901.625663995743,0.012,0.66,0.01,0.316,0.002,Sensor
/home/lmy/iot-device-classification/dataset/sensor/round6_jitter/sensor_r6.pcapng,R6,391,3915.507077217102,0.004,0.562,0.006,0.428,0.0,Sensor
/home/lmy/iot-device-classification/dataset/sensor/round6_jitter/sensor_r6.pcapng,R6,392,3923.5694358348846,0.0,0.852,0.046,0.102,0.0,Sensor
/home/lmy/iot-device-classification/dataset/sensor/round6_jitter/sensor_r6.pcapng,R6,393,3936.567914962769,0.012,0.458,0.016,0.512,0.002,Sensor
/home/lmy/iot-device-classification/dataset/sensor/round6_jitter/sensor_r6.pcapng,R6,394,3941.5978350639343,0.002,0.766,0.006,0.226,0.0,Sensor
/home/lmy/iot-device-classification/dataset/sensor/round6_jitter/sensor_r6.pcapng,R6,395,3954.498487472534,0.002,0.758,0.062,0.174,0.004,Sensor
/home/lmy/iot-device-classification/dataset/sensor/round6_jitter/sensor_r6.pcapng,R6,396,3961.388404369354,0.102,0.54,0.038,0.318,0.002,Sensor
/home/lmy/iot-device-classification/dataset/sensor/round6_jitter/sensor_r6.pcapng,R6,397,3971.889078617096,0.136,0.488,0.032,0.344,0.0,Sensor
/home/lmy/iot-device-classification/dataset/sensor/round6_jitter/sensor_r6.pcapng,R6,398,3981.9877626895914,0.02,0.658,0.022,0.296,0.004,Sensor
/home/lmy/iot-device-classification/dataset/sensor/round6_jitter/sensor_r6.pcapng,R6,399,3990.047201156616,0.038,0.51,0.102,0.348,0.002,Sensor
/home/lmy/iot-device-classification/dataset/sensor/round6_jitter/sensor_r6.pcapng,R6,400,4005.538838386536,0.012,0.552,0.012,0.418,0.006,Sensor
/home/lmy/iot-device-classification/dataset/sensor/round6_jitter/sensor_r6.pcapng,R6,401,4014.050461530685,0.0,0.8,0.064,0.136,0.0,Sensor
/home/lmy/iot-device-classification/dataset/sensor/round6_jitter/sensor_r6.pcapng,R6,402,4026.338386774063,0.032,0.658,0.01,0.286,0.014,Sensor
/home/lmy/iot-device-classification/dataset/sensor/round6_jitter/sensor_r6.pcapng,R6,403,4033.2903628349295,0.01,0.642,0.016,0.328,0.004,Sensor
/home/lmy/iot-device-classification/dataset/sensor/round6_jitter/sensor_r6.pcapng,R6,404,4044.039253473282,0.08,0.814,0.022,0.076,0.008,Sensor
/home/lmy/iot-device-classification/dataset/sensor/round6_jitter/sensor_r6.pcapng,R6,405,4055.457323074341,0.04,0.608,0.02,0.326,0.006,Sensor
/home/lmy/iot-device-classification/dataset/sensor/round6_jitter/sensor_r6.pcapng,R6,406,4063.4077653884888,0.012,0.796,0.07,0.122,0.0,Sensor
/home/lmy/iot-device-classification/dataset/sensor/round6_jitter/sensor_r6.pcapng,R6,407,4070.19654917717,0.004,0.83,0.024,0.142,0.0,Sensor
/home/lmy/iot-device-classification/dataset/socket/round6_jitter/socket_r6.pcapng,R6,0,0.0,0.004,0.022,0.0,0.006,0.968,Socket
/home/lmy/iot-device-classification/dataset/socket/round6_jitter/socket_r6.pcapng,R6,1,14.111911535263062,0.0,0.034,0.0,0.02,0.946,Socket
/home/lmy/iot-device-classification/dataset/socket/round6_jitter/socket_r6.pcapng,R6,2,20.632315635681152,0.0,0.036,0.004,0.016,0.944,Socket
/home/lmy/iot-device-classification/dataset/socket/round6_jitter/socket_r6.pcapng,R6,3,33.69841194152832,0.0,0.06,0.0,0.006,0.934,Socket
/home/lmy/iot-device-classification/dataset/socket/round6_jitter/socket_r6.pcapng,R6,4,40.19692873954773,0.0,0.02,0.002,0.016,0.962,Socket
/home/lmy/iot-device-classification/dataset/socket/round6_jitter/socket_r6.pcapng,R6,5,54.32929348945618,0.002,0.034,0.0,0.008,0.956,Socket
/home/lmy/iot-device-classification/dataset/socket/round6_jitter/socket_r6.pcapng,R6,6,60.87683939933777,0.0,0.076,0.004,0.004,0.916,Socket
/home/lmy/iot-device-classification/dataset/socket/round6_jitter/socket_r6.pcapng,R6,7,71.39578056335449,0.0,0.024,0.002,0.018,0.956,Socket
/home/lmy/iot-device-classification/dataset/socket/round6_jitter/socket_r6.pcapng,R6,8,81.38290667533875,0.004,0.04,0.002,0.02,0.934,Socket
/home/lmy/iot-device-classification/dataset/socket/round6_jitter/socket_r6.pcapng,R6,9,90.72914624214172,0.01,0.03,0.0,0.006,0.954,Socket
/home/lmy/iot-device-classification/dataset/socket/round6_jitter/socket_r6.pcapng,R6,10,103.71025466918944,0.0,0.026,0.002,0.016,0.956,Socket
/home/lmy/iot-device-classification/dataset/socket/round6_jitter/socket_r6.pcapng,R6,11,110.06215119361876,0.0,0.026,0.006,0.024,0.944,Socket
/home/lmy/iot-device-classification/dataset/socket/round6_jitter/socket_r6.pcapng,R6,12,120.87293982505798,0.002,0.014,0.0,0.01,0.974,Socket
/home/lmy/iot-device-classification/dataset/socket/round6_jitter/socket_r6.pcapng,R6,13,133.93269515037537,0.0,0.024,0.0,0.018,0.958,Socket
/home/lmy/iot-device-classification/dataset/socket/round6_jitter/socket_r6.pcapng,R6,14,143.52718663215637,0.0,0.016,0.0,0.012,0.972,Socket
/home/lmy/iot-device-classification/dataset/socket/round6_jitter/socket_r6.pcapng,R6,15,152.25696921348572,0.008,0.032,0.0,0.012,0.948,Socket
/home/lmy/iot-device-classification/dataset/socket/round6_jitter/socket_r6.pcapng,R6,16,160.08534979820251,0.0,0.026,0.002,0.022,0.95,Socket
/home/lmy/iot-device-classification/dataset/socket/round6_jitter/socket_r6.pcapng,R6,17,170.05172634124756,0.0,0.03,0.002,0.022,0.946,Socket
/home/lmy/iot-device-classification/dataset/socket/round6_jitter/socket_r6.pcapng,R6,18,181.61870050430295,0.004,0.056,0.002,0.018,0.92,Socket
/home/lmy/iot-device-classification/dataset/socket/round6_jitter/socket_r6.pcapng,R6,19,194.6253237724304,0.004,0.044,0.008,0.022,0.922,Socket
/home/lmy/iot-device-classification/dataset/socket/round6_jitter/socket_r6.pcapng,R6,20,201.1837921142578,0.0,0.018,0.002,0.012,0.968,Socket
/home/lmy/iot-device-classification/dataset/socket/round6_jitter/socket_r6.pcapng,R6,21,211.2016909122467,0.01,0.032,0.0,0.008,0.95,Socket
/home/lmy/iot-device-classification/dataset/socket/round6_jitter/socket_r6.pcapng,R6,22,225.18457794189453,0.0,0.026,0.0,0.01,0.964,Socket
/home/lmy/iot-device-classification/dataset/socket/round6_jitter/socket_r6.pcapng,R6,23,231.64569282531735,0.0,0.016,0.002,0.014,0.968,Socket
/home/lmy/iot-device-classification/dataset/socket/round6_jitter/socket_r6.pcapng,R6,24,241.50187253952024,0.008,0.038,0.0,0.01,0.944,Socket
/home/lmy/iot-device-classification/dataset/socket/round6_jitter/socket_r6.pcapng,R6,25,253.38446187973025,0.002,0.024,0.002,0.032,0.94,Socket
/home/lmy/iot-device-classification/dataset/socket/round6_jitter/socket_r6.pcapng,R6,26,260.0584318637848,0.002,0.026,0.002,0.014,0.956,Socket
/home/lmy/iot-device-classification/dataset/socket/round6_jitter/socket_r6.pcapng,R6,27,270.8199701309204,0.006,0.034,0.0,0.014,0.946,Socket
/home/lmy/iot-device-classification/dataset/socket/round6_jitter/socket_r6.pcapng,R6,28,281.7199809551239,0.0,0.022,0.002,0.018,0.958,Socket
/home/lmy/iot-device-classification/dataset/socket/round6_jitter/socket_r6.pcapng,R6,29,292.5159909725189,0.0,0.016,0.0,0.01,0.974,Socket
/home/lmy/iot-device-classification/dataset/socket/round6_jitter/socket_r6.pcapng,R6,30,302.294949054718,0.0,0.02,0.0,0.014,0.966,Socket
/home/lmy/iot-device-classification/dataset/socket/round6_jitter/socket_r6.pcapng,R6,31,311.003009557724,0.0,0.014,0.002,0.012,0.972,Socket
/home/lmy/iot-device-classification/dataset/socket/round6_jitter/socket_r6.pcapng,R6,32,322.8238854408264,0.0,0.024,0.002,0.016,0.958,Socket
/home/lmy/iot-device-classification/dataset/socket/round6_jitter/socket_r6.pcapng,R6,33,330.8356423377991,0.002,0.012,0.0,0.012,0.974,Socket
/home/lmy/iot-device-classification/dataset/socket/round6_jitter/socket_r6.pcapng,R6,34,340.3884677886963,0.002,0.032,0.004,0.024,0.938,Socket
/home/lmy/iot-device-classification/dataset/socket/round6_jitter/socket_r6.pcapng,R6,35,354.52736139297485,0.0,0.028,0.002,0.016,0.954,Socket
/home/lmy/iot-device-classification/dataset/socket/round6_jitter/socket_r6.pcapng,R6,36,361.01750111579895,0.01,0.056,0.002,0.012,0.92,Socket
/home/lmy/iot-device-classification/dataset/socket/round6_jitter/socket_r6.pcapng,R6,37,372.2032036781311,0.0,0.028,0.0,0.012,0.96,Socket
/home/lmy/iot-device-classification/dataset/socket/round6_jitter/socket_r6.pcapng,R6,38,381.1403415203095,0.0,0.02,0.002,0.008,0.97,Socket
/home/lmy/iot-device-classification/dataset/socket/round6_jitter/socket_r6.pcapng,R6,39,394.3104557991028,0.004,0.022,0.002,0.02,0.952,Socket
/home/lmy/iot-device-classification/dataset/socket/round6_jitter/socket_r6.pcapng,R6,40,401.2208898067474,0.0,0.018,0.0,0.008,0.974,Socket
/home/lmy/iot-device-classification/dataset/socket/round6_jitter/socket_r6.pcapng,R6,41,412.2090289592743,0.0,0.012,0.002,0.012,0.974,Socket
/home/lmy/iot-device-classification/dataset/socket/round6_jitter/socket_r6.pcapng,R6,42,420.1543669700623,0.002,0.018,0.0,0.014,0.966,Socket
/home/lmy/iot-device-classification/dataset/socket/round6_jitter/socket_r6.pcapng,R6,43,430.4220464229584,0.0,0.024,0.002,0.02,0.954,Socket
/home/lmy/iot-device-classification/dataset/socket/round6_jitter/socket_r6.pcapng,R6,44,443.4851224422455,0.002,0.02,0.0,0.008,0.97,Socket
/home/lmy/iot-device-classification/dataset/socket/round6_jitter/socket_r6.pcapng,R6,45,450.23518657684326,0.008,0.03,0.0,0.018,0.944,Socket
/home/lmy/iot-device-classification/dataset/socket/round6_jitter/socket_r6.pcapng,R6,46,460.0209286212921,0.0,0.014,0.002,0.012,0.972,Socket
/home/lmy/iot-device-classification/dataset/socket/round6_jitter/socket_r6.pcapng,R6,47,475.197021484375,0.004,0.036,0.002,0.026,0.932,Socket
/home/lmy/iot-device-classification/dataset/socket/round6_jitter/socket_r6.pcapng,R6,48,484.96233916282654,0.01,0.038,0.0,0.01,0.942,Socket
/home/lmy/iot-device-classification/dataset/socket/round6_jitter/socket_r6.pcapng,R6,49,490.4150683879852,0.0,0.014,0.002,0.012,0.972,Socket
/home/lmy/iot-device-classification/dataset/socket/round6_jitter/socket_r6.pcapng,R6,50,501.1225974559784,0.0,0.01,0.002,0.014,0.974,Socket
/home/lmy/iot-device-classification/dataset/socket/round6_jitter/socket_r6.pcapng,R6,51,511.0992863178253,0.0,0.042,0.0,0.012,0.946,Socket
/home/lmy/iot-device-classification/dataset/socket/round6_jitter/socket_r6.pcapng,R6,52,524.1380071640015,0.0,0.022,0.0,0.012,0.966,Socket
/home/lmy/iot-device-classification/dataset/socket/round6_jitter/socket_r6.pcapng,R6,53,531.4755654335022,0.0,0.024,0.002,0.018,0.956,Socket
/home/lmy/iot-device-classification/dataset/socket/round6_jitter/socket_r6.pcapng,R6,54,540.4689013957977,0.008,0.044,0.0,0.02,0.928,Socket
/home/lmy/iot-device-classification/dataset/socket/round6_jitter/socket_r6.pcapng,R6,55,550.0979685783386,0.0,0.028,0.002,0.018,0.952,Socket
/home/lmy/iot-device-classification/dataset/socket/round6_jitter/socket_r6.pcapng,R6,56,561.9330894947052,0.0,0.012,0.002,0.012,0.974,Socket
/home/lmy/iot-device-classification/dataset/socket/round6_jitter/socket_r6.pcapng,R6,57,570.0020871162415,0.01,0.048,0.01,0.04,0.892,Socket
/home/lmy/iot-device-classification/dataset/socket/round6_jitter/socket_r6.pcapng,R6,58,584.0633947849274,0.008,0.034,0.0,0.036,0.922,Socket
/home/lmy/iot-device-classification/dataset/socket/round6_jitter/socket_r6.pcapng,R6,59,591.4689991474152,0.0,0.012,0.0,0.012,0.976,Socket
/home/lmy/iot-device-classification/dataset/socket/round6_jitter/socket_r6.pcapng,R6,60,601.429034948349,0.01,0.032,0.0,0.014,0.944,Socket
/home/lmy/iot-device-classification/dataset/socket/round6_jitter/socket_r6.pcapng,R6,61,614.4938094615936,0.0,0.032,0.002,0.018,0.948,Socket
/home/lmy/iot-device-classification/dataset/socket/round6_jitter/socket_r6.pcapng,R6,62,621.0244014263153,0.0,0.026,0.002,0.016,0.956,Socket
/home/lmy/iot-device-classification/dataset/socket/round6_jitter/socket_r6.pcapng,R6,63,636.628175497055,0.014,0.09,0.002,0.014,0.88,Socket
/home/lmy/iot-device-classification/dataset/socket/round6_jitter/socket_r6.pcapng,R6,64,643.6033179759979,0.004,0.102,0.02,0.032,0.842,Socket
/home/lmy/iot-device-classification/dataset/socket/round6_jitter/socket_r6.pcapng,R6,65,652.5295765399933,0.002,0.016,0.0,0.006,0.976,Socket
/home/lmy/iot-device-classification/dataset/socket/round6_jitter/socket_r6.pcapng,R6,66,661.1989636421204,0.008,0.03,0.0,0.014,0.948,Socket
/home/lmy/iot-device-classification/dataset/socket/round6_jitter/socket_r6.pcapng,R6,67,670.1309585571289,0.0,0.024,0.002,0.02,0.954,Socket
/home/lmy/iot-device-classification/dataset/socket/round6_jitter/socket_r6.pcapng,R6,68,685.912130355835,0.002,0.036,0.0,0.014,0.948,Socket
/home/lmy/iot-device-classification/dataset/socket/round6_jitter/socket_r6.pcapng,R6,69,690.9580771923065,0.006,0.036,0.0,0.016,0.942,Socket
/home/lmy/iot-device-classification/dataset/socket/round6_jitter/socket_r6.pcapng,R6,70,700.3352341651917,0.0,0.024,0.004,0.02,0.952,Socket
/home/lmy/iot-device-classification/dataset/socket/round6_jitter/socket_r6.pcapng,R6,71,710.1063599586487,0.0,0.024,0.002,0.016,0.958,Socket
/home/lmy/iot-device-classification/dataset/socket/round6_jitter/socket_r6.pcapng,R6,72,720.0373344421387,0.0,0.026,0.0,0.012,0.962,Socket
/home/lmy/iot-device-classification/dataset/socket/round6_jitter/socket_r6.pcapng,R6,73,732.9970796108246,0.006,0.02,0.0,0.012,0.962,Socket
/home/lmy/iot-device-classification/dataset/socket/round6_jitter/socket_r6.pcapng,R6,74,740.7056813240051,0.0,0.026,0.002,0.02,0.952,Socket
/home/lmy/iot-device-classification/dataset/socket/round6_jitter/socket_r6.pcapng,R6,75,751.3612914085388,0.006,0.028,0.002,0.01,0.954,Socket
/home/lmy/iot-device-classification/dataset/socket/round6_jitter/socket_r6.pcapng,R6,76,760.0449876785278,0.002,0.024,0.002,0.018,0.954,Socket
/home/lmy/iot-device-classification/dataset/socket/round6_jitter/socket_r6.pcapng,R6,77,770.4981594085693,0.002,0.04,0.006,0.028,0.924,Socket
/home/lmy/iot-device-classification/dataset/socket/round6_jitter/socket_r6.pcapng,R6,78,783.5615975856781,0.008,0.036,0.0,0.012,0.944,Socket
/home/lmy/iot-device-classification/dataset/socket/round6_jitter/socket_r6.pcapng,R6,79,790.6982047557831,0.0,0.024,0.002,0.018,0.956,Socket
/home/lmy/iot-device-classification/dataset/socket/round6_jitter/socket_r6.pcapng,R6,80,802.6611795425415,0.004,0.042,0.004,0.022,0.928,Socket
/home/lmy/iot-device-classification/dataset/socket/round6_jitter/socket_r6.pcapng,R6,81,810.1219482421875,0.006,0.042,0.0,0.012,0.94,Socket
/home/lmy/iot-device-classification/dataset/socket/round6_jitter/socket_r6.pcapng,R6,82,821.8318114280701,0.0,0.016,0.002,0.014,0.968,Socket
/home/lmy/iot-device-classification/dataset/socket/round6_jitter/socket_r6.pcapng,R6,83,832.847109079361,0.0,0.028,0.0,0.018,0.954,Socket
/home/lmy/iot-device-classification/dataset/socket/round6_jitter/socket_r6.pcapng,R6,84,842.4060587882996,0.006,0.052,0.008,0.02,0.914,Socket
/home/lmy/iot-device-classification/dataset/socket/round6_jitter/socket_r6.pcapng,R6,85,850.5484383106232,0.0,0.024,0.002,0.018,0.956,Socket
/home/lmy/iot-device-classification/dataset/socket/round6_jitter/socket_r6.pcapng,R6,86,860.327898979187,0.0,0.012,0.002,0.016,0.97,Socket
/home/lmy/iot-device-classification/dataset/socket/round6_jitter/socket_r6.pcapng,R6,87,872.2992527484894,0.002,0.066,0.0,0.006,0.926,Socket
/home/lmy/iot-device-classification/dataset/socket/round6_jitter/socket_r6.pcapng,R6,88,883.1879999637604,0.0,0.022,0.0,0.02,0.958,Socket
/home/lmy/iot-device-classification/dataset/socket/round6_jitter/socket_r6.pcapng,R6,89,892.9891378879547,0.0,0.018,0.002,0.012,0.968,Socket
/home/lmy/iot-device-classification/dataset/socket/round6_jitter/socket_r6.pcapng,R6,90,900.6766002178192,0.004,0.028,0.0,0.012,0.956,Socket
/home/lmy/iot-device-classification/dataset/socket/round6_jitter/socket_r6.pcapng,R6,91,910.4562799930573,0.0,0.01,0.002,0.012,0.976,Socket
/home/lmy/iot-device-classification/dataset/socket/round6_jitter/socket_r6.pcapng,R6,92,921.284725666046,0.0,0.024,0.004,0.02,0.952,Socket
/home/lmy/iot-device-classification/dataset/socket/round6_jitter/socket_r6.pcapng,R6,93,931.4181039333344,0.008,0.034,0.0,0.016,0.942,Socket
/home/lmy/iot-device-classification/dataset/socket/round6_jitter/socket_r6.pcapng,R6,94,941.48402428627,0.0,0.014,0.002,0.012,0.972,Socket
/home/lmy/iot-device-classification/dataset/socket/round6_jitter/socket_r6.pcapng,R6,95,953.6281559467316,0.002,0.026,0.0,0.008,0.964,Socket
/home/lmy/iot-device-classification/dataset/socket/round6_jitter/socket_r6.pcapng,R6,96,960.344731092453,0.002,0.016,0.0,0.01,0.972,Socket
/home/lmy/iot-device-classification/dataset/socket/round6_jitter/socket_r6.pcapng,R6,97,970.2647325992584,0.0,0.03,0.004,0.02,0.946,Socket
/home/lmy/iot-device-classification/dataset/socket/round6_jitter/socket_r6.pcapng,R6,98,984.0866115093232,0.002,0.026,0.0,0.01,0.962,Socket
/home/lmy/iot-device-classification/dataset/socket/round6_jitter/socket_r6.pcapng,R6,99,990.0045108795166,0.002,0.082,0.002,0.012,0.902,Socket
/home/lmy/iot-device-classification/dataset/socket/round6_jitter/socket_r6.pcapng,R6,100,1000.681442975998,0.002,0.04,0.004,0.016,0.938,Socket
/home/lmy/iot-device-classification/dataset/socket/round6_jitter/socket_r6.pcapng,R6,101,1010.141991853714,0.0,0.018,0.002,0.014,0.966,Socket
/home/lmy/iot-device-classification/dataset/socket/round6_jitter/socket_r6.pcapng,R6,102,1020.9206492900848,0.008,0.036,0.0,0.014,0.942,Socket
/home/lmy/iot-device-classification/dataset/socket/round6_jitter/socket_r6.pcapng,R6,103,1032.9644877910614,0.0,0.014,0.0,0.008,0.978,Socket
/home/lmy/iot-device-classification/dataset/socket/round6_jitter/socket_r6.pcapng,R6,104,1040.0005745887756,0.0,0.024,0.002,0.016,0.958,Socket
/home/lmy/iot-device-classification/dataset/socket/round6_jitter/socket_r6.pcapng,R6,105,1050.6740555763245,0.012,0.046,0.0,0.02,0.922,Socket
/home/lmy/iot-device-classification/dataset/socket/round6_jitter/socket_r6.pcapng,R6,106,1060.094212770462,0.0,0.014,0.002,0.012,0.972,Socket
/home/lmy/iot-device-classification/dataset/socket/round6_jitter/socket_r6.pcapng,R6,107,1072.4899010658264,0.002,0.012,0.0,0.012,0.974,Socket
/home/lmy/iot-device-classification/dataset/socket/round6_jitter/socket_r6.pcapng,R6,108,1082.301300764084,0.006,0.034,0.0,0.012,0.948,Socket
/home/lmy/iot-device-classification/dataset/socket/round6_jitter/socket_r6.pcapng,R6,109,1093.1799867153168,0.0,0.016,0.0,0.012,0.972,Socket
/home/lmy/iot-device-classification/dataset/socket/round6_jitter/socket_r6.pcapng,R6,110,1101.868765592575,0.0,0.024,0.002,0.018,0.956,Socket
/home/lmy/iot-device-classification/dataset/socket/round6_jitter/socket_r6.pcapng,R6,111,1110.5837633609772,0.006,0.036,0.0,0.022,0.936,Socket
/home/lmy/iot-device-classification/dataset/socket/round6_jitter/socket_r6.pcapng,R6,112,1120.5460939407349,0.0,0.024,0.002,0.016,0.958,Socket
/home/lmy/iot-device-classification/dataset/socket/round6_jitter/socket_r6.pcapng,R6,113,1134.5335774421692,0.002,0.01,0.0,0.012,0.976,Socket
/home/lmy/iot-device-classification/dataset/socket/round6_jitter/socket_r6.pcapng,R6,114,1141.0083484649658,0.004,0.05,0.01,0.016,0.92,Socket
/home/lmy/iot-device-classification/dataset/socket/round6_jitter/socket_r6.pcapng,R6,115,1150.8991618156433,0.0,0.018,0.002,0.012,0.968,Socket
/home/lmy/iot-device-classification/dataset/socket/round6_jitter/socket_r6.pcapng,R6,116,1163.8055715560913,0.0,0.038,0.0,0.02,0.942,Socket
/home/lmy/iot-device-classification/dataset/socket/round6_jitter/socket_r6.pcapng,R6,117,1172.5364067554474,0.008,0.032,0.0,0.018,0.942,Socket
/home/lmy/iot-device-classification/dataset/socket/round6_jitter/socket_r6.pcapng,R6,118,1184.5075013637545,0.0,0.016,0.0,0.006,0.978,Socket
/home/lmy/iot-device-classification/dataset/socket/round6_jitter/socket_r6.pcapng,R6,119,1193.1870403289795,0.002,0.048,0.008,0.028,0.914,Socket
/home/lmy/iot-device-classification/dataset/socket/round6_jitter/socket_r6.pcapng,R6,120,1200.1053595542908,0.0,0.012,0.0,0.01,0.978,Socket
/home/lmy/iot-device-classification/dataset/socket/round6_jitter/socket_r6.pcapng,R6,121,1210.9701309204102,0.0,0.022,0.002,0.02,0.956,Socket
/home/lmy/iot-device-classification/dataset/socket/round6_jitter/socket_r6.pcapng,R6,122,1224.0340597629547,0.002,0.016,0.0,0.008,0.974,Socket
/home/lmy/iot-device-classification/dataset/socket/round6_jitter/socket_r6.pcapng,R6,123,1231.2563512325287,0.01,0.034,0.0,0.016,0.94,Socket
/home/lmy/iot-device-classification/dataset/socket/round6_jitter/socket_r6.pcapng,R6,124,1240.0746145248413,0.0,0.016,0.0,0.01,0.974,Socket
/home/lmy/iot-device-classification/dataset/socket/round6_jitter/socket_r6.pcapng,R6,125,1256.2644066810608,0.0,0.036,0.002,0.018,0.944,Socket
/home/lmy/iot-device-classification/dataset/socket/round6_jitter/socket_r6.pcapng,R6,126,1262.8753671646118,0.01,0.054,0.0,0.014,0.922,Socket
/home/lmy/iot-device-classification/dataset/socket/round6_jitter/socket_r6.pcapng,R6,127,1272.6540784835815,0.0,0.03,0.002,0.018,0.95,Socket
/home/lmy/iot-device-classification/dataset/socket/round6_jitter/socket_r6.pcapng,R6,128,1280.2637350559237,0.0,0.014,0.0,0.012,0.974,Socket
/home/lmy/iot-device-classification/dataset/socket/round6_jitter/socket_r6.pcapng,R6,129,1291.03262257576,0.004,0.034,0.0,0.02,0.942,Socket
/home/lmy/iot-device-classification/dataset/socket/round6_jitter/socket_r6.pcapng,R6,130,1300.9331543445587,0.0,0.024,0.002,0.024,0.95,Socket
/home/lmy/iot-device-classification/dataset/socket/round6_jitter/socket_r6.pcapng,R6,131,1313.9644215106964,0.004,0.04,0.004,0.036,0.916,Socket
/home/lmy/iot-device-classification/dataset/socket/round6_jitter/socket_r6.pcapng,R6,132,1321.176955461502,0.006,0.028,0.002,0.008,0.956,Socket
/home/lmy/iot-device-classification/dataset/socket/round6_jitter/socket_r6.pcapng,R6,133,1332.708039045334,0.0,0.012,0.0,0.012,0.976,Socket
/home/lmy/iot-device-classification/dataset/socket/round6_jitter/socket_r6.pcapng,R6,134,1340.0521278381348,0.0,0.026,0.002,0.018,0.954,Socket
/home/lmy/iot-device-classification/dataset/socket/round6_jitter/socket_r6.pcapng,R6,135,1350.0987281799316,0.012,0.042,0.0,0.014,0.932,Socket
/home/lmy/iot-device-classification/dataset/socket/round6_jitter/socket_r6.pcapng,R6,136,1360.1942601203918,0.0,0.034,0.006,0.016,0.944,Socket
/home/lmy/iot-device-classification/dataset/socket/round6_jitter/socket_r6.pcapng,R6,137,1373.8326966762545,0.0,0.02,0.002,0.012,0.966,Socket
/home/lmy/iot-device-classification/dataset/socket/round6_jitter/socket_r6.pcapng,R6,138,1380.3318798542025,0.01,0.034,0.0,0.02,0.936,Socket
/home/lmy/iot-device-classification/dataset/socket/round6_jitter/socket_r6.pcapng,R6,139,1392.0902869701383,0.002,0.022,0.0,0.022,0.954,Socket
/home/lmy/iot-device-classification/dataset/socket/round6_jitter/socket_r6.pcapng,R6,140,1405.0487995147705,0.008,0.054,0.006,0.038,0.894,Socket
/home/lmy/iot-device-classification/dataset/socket/round6_jitter/socket_r6.pcapng,R6,141,1412.0137209892273,0.004,0.02,0.0,0.012,0.964,Socket
/home/lmy/iot-device-classification/dataset/socket/round6_jitter/socket_r6.pcapng,R6,142,1420.6808185577393,0.0,0.024,0.002,0.02,0.954,Socket
/home/lmy/iot-device-classification/dataset/socket/round6_jitter/socket_r6.pcapng,R6,143,1430.2550115585327,0.0,0.024,0.002,0.016,0.958,Socket
/home/lmy/iot-device-classification/dataset/socket/round6_jitter/socket_r6.pcapng,R6,144,1441.3706319332125,0.008,0.034,0.0,0.01,0.948,Socket
/home/lmy/iot-device-classification/dataset/socket/round6_jitter/socket_r6.pcapng,R6,145,1453.3263499736786,0.0,0.014,0.002,0.012,0.972,Socket
/home/lmy/iot-device-classification/dataset/socket/round6_jitter/socket_r6.pcapng,R6,146,1462.0151023864746,0.002,0.014,0.0,0.018,0.966,Socket
/home/lmy/iot-device-classification/dataset/socket/round6_jitter/socket_r6.pcapng,R6,147,1474.0118114948273,0.01,0.048,0.0,0.016,0.926,Socket
/home/lmy/iot-device-classification/dataset/socket/round6_jitter/socket_r6.pcapng,R6,148,1484.8720149993896,0.006,0.026,0.006,0.034,0.928,Socket
/home/lmy/iot-device-classification/dataset/socket/round6_jitter/socket_r6.pcapng,R6,149,1490.0621423721311,0.0,0.084,0.004,0.032,0.88,Socket
/home/lmy/iot-device-classification/dataset/socket/round6_jitter/socket_r6.pcapng,R6,150,1500.087628364563,0.002,0.012,0.0,0.01,0.976,Socket
/home/lmy/iot-device-classification/dataset/socket/round6_jitter/socket_r6.pcapng,R6,151,1514.2216629981997,0.0,0.02,0.0,0.008,0.972,Socket
/home/lmy/iot-device-classification/dataset/socket/round6_jitter/socket_r6.pcapng,R6,152,1520.8375792503357,0.0,0.028,0.002,0.022,0.948,Socket
/home/lmy/iot-device-classification/dataset/socket/round6_jitter/socket_r6.pcapng,R6,153,1530.9056313037872,0.006,0.036,0.0,0.012,0.946,Socket
/home/lmy/iot-device-classification/dataset/socket/round6_jitter/socket_r6.pcapng,R6,154,1540.898692369461,0.0,0.026,0.002,0.022,0.95,Socket
/home/lmy/iot-device-classification/dataset/socket/round6_jitter/socket_r6.pcapng,R6,155,1552.0195047855375,0.002,0.024,0.002,0.018,0.954,Socket
/home/lmy/iot-device-classification/dataset/socket/round6_jitter/socket_r6.pcapng,R6,156,1564.0633790493011,0.014,0.106,0.0,0.022,0.858,Socket
/home/lmy/iot-device-classification/dataset/socket/round6_jitter/socket_r6.pcapng,R6,157,1570.8855962753296,0.0,0.026,0.002,0.018,0.954,Socket
/home/lmy/iot-device-classification/dataset/socket/round6_jitter/socket_r6.pcapng,R6,158,1585.0807809829712,0.0,0.038,0.0,0.014,0.948,Socket
/home/lmy/iot-device-classification/dataset/socket/round6_jitter/socket_r6.pcapng,R6,159,1592.6069777011871,0.006,0.038,0.0,0.012,0.944,Socket
/home/lmy/iot-device-classification/dataset/socket/round6_jitter/socket_r6.pcapng,R6,160,1603.452133893967,0.0,0.032,0.004,0.02,0.944,Socket
/home/lmy/iot-device-classification/dataset/socket/round6_jitter/socket_r6.pcapng,R6,161,1611.058166027069,0.002,0.034,0.0,0.012,0.952,Socket
/home/lmy/iot-device-classification/dataset/socket/round6_jitter/socket_r6.pcapng,R6,162,1624.2782952785492,0.01,0.044,0.002,0.014,0.93,Socket
/home/lmy/iot-device-classification/dataset/socket/round6_jitter/socket_r6.pcapng,R6,163,1630.6414732933044,0.0,0.022,0.004,0.014,0.96,Socket
/home/lmy/iot-device-classification/dataset/socket/round6_jitter/socket_r6.pcapng,R6,164,1642.593646287918,0.0,0.026,0.0,0.016,0.958,Socket
/home/lmy/iot-device-classification/dataset/socket/round6_jitter/socket_r6.pcapng,R6,165,1652.3743319511414,0.002,0.014,0.0,0.01,0.974,Socket
/home/lmy/iot-device-classification/dataset/socket/round6_jitter/socket_r6.pcapng,R6,166,1660.0625557899475,0.0,0.02,0.0,0.016,0.964,Socket
/home/lmy/iot-device-classification/dataset/socket/round6_jitter/socket_r6.pcapng,R6,167,1670.5691738128662,0.0,0.028,0.004,0.016,0.952,Socket
/home/lmy/iot-device-classification/dataset/socket/round6_jitter/socket_r6.pcapng,R6,168,1680.6464462280271,0.006,0.036,0.0,0.014,0.944,Socket
/home/lmy/iot-device-classification/dataset/socket/round6_jitter/socket_r6.pcapng,R6,169,1690.140878200531,0.0,0.034,0.0,0.014,0.952,Socket
/home/lmy/iot-device-classification/dataset/socket/round6_jitter/socket_r6.pcapng,R6,170,1700.824047088623,0.002,0.046,0.002,0.024,0.926,Socket
/home/lmy/iot-device-classification/dataset/socket/round6_jitter/socket_r6.pcapng,R6,171,1712.8649406433103,0.008,0.03,0.0,0.012,0.95,Socket
/home/lmy/iot-device-classification/dataset/socket/round6_jitter/socket_r6.pcapng,R6,172,1720.0004494190216,0.014,0.042,0.022,0.05,0.872,Socket
/home/lmy/iot-device-classification/dataset/socket/round6_jitter/socket_r6.pcapng,R6,173,1734.0508658885956,0.0,0.018,0.002,0.012,0.968,Socket
/home/lmy/iot-device-classification/dataset/socket/round6_jitter/socket_r6.pcapng,R6,174,1743.837342262268,0.006,0.04,0.0,0.014,0.94,Socket
/home/lmy/iot-device-classification/dataset/socket/round6_jitter/socket_r6.pcapng,R6,175,1750.3156027793884,0.0,0.034,0.002,0.022,0.942,Socket
/home/lmy/iot-device-classification/dataset/socket/round6_jitter/socket_r6.pcapng,R6,176,1761.132061004639,0.002,0.022,0.002,0.014,0.96,Socket
/home/lmy/iot-device-classification/dataset/socket/round6_jitter/socket_r6.pcapng,R6,177,1771.1995542049408,0.0,0.018,0.0,0.01,0.972,Socket
/home/lmy/iot-device-classification/dataset/socket/round6_jitter/socket_r6.pcapng,R6,178,1781.2927260398865,0.0,0.01,0.002,0.014,0.974,Socket
/home/lmy/iot-device-classification/dataset/socket/round6_jitter/socket_r6.pcapng,R6,179,1793.334371805191,0.0,0.032,0.004,0.02,0.944,Socket
/home/lmy/iot-device-classification/dataset/socket/round6_jitter/socket_r6.pcapng,R6,180,1800.3529951572418,0.008,0.034,0.0,0.014,0.944,Socket
/home/lmy/iot-device-classification/dataset/socket/round6_jitter/socket_r6.pcapng,R6,181,1810.424214363098,0.002,0.026,0.002,0.056,0.914,Socket
/home/lmy/iot-device-classification/dataset/socket/round6_jitter/socket_r6.pcapng,R6,182,1820.0301477909088,0.0,0.016,0.002,0.016,0.966,Socket
/home/lmy/iot-device-classification/dataset/socket/round6_jitter/socket_r6.pcapng,R6,183,1830.797649383545,0.006,0.05,0.0,0.016,0.928,Socket
/home/lmy/iot-device-classification/dataset/socket/round6_jitter/socket_r6.pcapng,R6,184,1840.6785809993744,0.0,0.016,0.002,0.012,0.97,Socket
/home/lmy/iot-device-classification/dataset/socket/round6_jitter/socket_r6.pcapng,R6,185,1852.6205599308012,0.0,0.018,0.002,0.014,0.966,Socket
/home/lmy/iot-device-classification/dataset/socket/round6_jitter/socket_r6.pcapng,R6,186,1863.9458446502688,0.012,0.06,0.0,0.01,0.918,Socket
/home/lmy/iot-device-classification/dataset/socket/round6_jitter/socket_r6.pcapng,R6,187,1871.0486378669736,0.0,0.024,0.002,0.02,0.954,Socket
/home/lmy/iot-device-classification/dataset/socket/round6_jitter/socket_r6.pcapng,R6,188,1880.035488128662,0.002,0.01,0.0,0.018,0.97,Socket
/home/lmy/iot-device-classification/dataset/socket/round6_jitter/socket_r6.pcapng,R6,189,1890.6891467571256,0.004,0.034,0.0,0.018,0.944,Socket
/home/lmy/iot-device-classification/dataset/socket/round6_jitter/socket_r6.pcapng,R6,190,1903.6112458705904,0.0,0.044,0.004,0.008,0.944,Socket
/home/lmy/iot-device-classification/dataset/socket/round6_jitter/socket_r6.pcapng,R6,191,1914.607357501984,0.002,0.03,0.0,0.012,0.956,Socket
/home/lmy/iot-device-classification/dataset/socket/round6_jitter/socket_r6.pcapng,R6,192,1921.5538489818573,0.01,0.034,0.0,0.014,0.942,Socket
/home/lmy/iot-device-classification/dataset/socket/round6_jitter/socket_r6.pcapng,R6,193,1930.0837519168851,0.0,0.016,0.0,0.01,0.974,Socket
/home/lmy/iot-device-classification/dataset/socket/round6_jitter/socket_r6.pcapng,R6,194,1944.2034301757808,0.0,0.036,0.0,0.016,0.948,Socket
/home/lmy/iot-device-classification/dataset/socket/round6_jitter/socket_r6.pcapng,R6,195,1951.5492103099823,0.0,0.014,0.0,0.01,0.976,Socket
/home/lmy/iot-device-classification/dataset/socket/round6_jitter/socket_r6.pcapng,R6,196,1960.482640504837,0.0,0.016,0.0,0.012,0.972,Socket
/home/lmy/iot-device-classification/dataset/socket/round6_jitter/socket_r6.pcapng,R6,197,1973.405203819275,0.0,0.024,0.004,0.02,0.952,Socket
/home/lmy/iot-device-classification/dataset/socket/round6_jitter/socket_r6.pcapng,R6,198,1980.1518197059631,0.002,0.014,0.0,0.012,0.972,Socket
/home/lmy/iot-device-classification/dataset/socket/round6_jitter/socket_r6.pcapng,R6,199,1991.5178039073944,0.0,0.03,0.0,0.016,0.954,Socket
/home/lmy/iot-device-classification/dataset/socket/round6_jitter/socket_r6.pcapng,R6,200,2001.6308283805847,0.002,0.032,0.006,0.02,0.94,Socket
/home/lmy/iot-device-classification/dataset/socket/round6_jitter/socket_r6.pcapng,R6,201,2010.292673110962,0.01,0.04,0.0,0.016,0.934,Socket
/home/lmy/iot-device-classification/dataset/socket/round6_jitter/socket_r6.pcapng,R6,202,2023.3800778388977,0.0,0.02,0.002,0.012,0.966,Socket
/home/lmy/iot-device-classification/dataset/socket/round6_jitter/socket_r6.pcapng,R6,203,2030.201187372208,0.0,0.028,0.002,0.012,0.958,Socket
/home/lmy/iot-device-classification/dataset/socket/round6_jitter/socket_r6.pcapng,R6,204,2040.0263578891756,0.0,0.014,0.0,0.012,0.974,Socket
/home/lmy/iot-device-classification/dataset/socket/round6_jitter/socket_r6.pcapng,R6,205,2050.043451070785,0.0,0.02,0.002,0.016,0.962,Socket
/home/lmy/iot-device-classification/dataset/socket/round6_jitter/socket_r6.pcapng,R6,206,2062.430856704712,0.0,0.014,0.002,0.012,0.972,Socket
/home/lmy/iot-device-classification/dataset/socket/round6_jitter/socket_r6.pcapng,R6,207,2070.211721181869,0.004,0.05,0.0,0.02,0.926,Socket
/home/lmy/iot-device-classification/dataset/socket/round6_jitter/socket_r6.pcapng,R6,208,2081.0819890499115,0.0,0.03,0.002,0.022,0.946,Socket
/home/lmy/iot-device-classification/dataset/socket/round6_jitter/socket_r6.pcapng,R6,209,2093.19806265831,0.0,0.032,0.0,0.014,0.954,Socket
/home/lmy/iot-device-classification/dataset/socket/round6_jitter/socket_r6.pcapng,R6,210,2102.842325925827,0.004,0.036,0.0,0.008,0.952,Socket
/home/lmy/iot-device-classification/dataset/socket/round6_jitter/socket_r6.pcapng,R6,211,2111.572523832321,0.0,0.022,0.002,0.016,0.96,Socket
/home/lmy/iot-device-classification/dataset/socket/round6_jitter/socket_r6.pcapng,R6,212,2124.374743938446,0.0,0.01,0.0,0.012,0.978,Socket
/home/lmy/iot-device-classification/dataset/socket/round6_jitter/socket_r6.pcapng,R6,213,2131.1346933841705,0.006,0.028,0.002,0.008,0.956,Socket
/home/lmy/iot-device-classification/dataset/socket/round6_jitter/socket_r6.pcapng,R6,214,2142.003893852234,0.0,0.032,0.004,0.02,0.944,Socket
/home/lmy/iot-device-classification/dataset/socket/round6_jitter/socket_r6.pcapng,R6,215,2154.731863975525,0.0,0.026,0.0,0.016,0.958,Socket
/home/lmy/iot-device-classification/dataset/socket/round6_jitter/socket_r6.pcapng,R6,216,2164.8548362255096,0.0,0.032,0.0,0.014,0.954,Socket
/home/lmy/iot-device-classification/dataset/socket/round6_jitter/socket_r6.pcapng,R6,217,2170.030133962631,0.0,0.028,0.002,0.012,0.958,Socket
/home/lmy/iot-device-classification/dataset/socket/round6_jitter/socket_r6.pcapng,R6,218,2182.705240964889,0.0,0.028,0.002,0.016,0.954,Socket
/home/lmy/iot-device-classification/dataset/socket/round6_jitter/socket_r6.pcapng,R6,219,2190.153971195221,0.002,0.02,0.002,0.008,0.968,Socket
/home/lmy/iot-device-classification/dataset/socket/round6_jitter/socket_r6.pcapng,R6,220,2200.776261568069,0.0,0.014,0.002,0.012,0.972,Socket
/home/lmy/iot-device-classification/dataset/socket/round6_jitter/socket_r6.pcapng,R6,221,2211.5288710594177,0.0,0.02,0.002,0.018,0.96,Socket
/home/lmy/iot-device-classification/dataset/socket/round6_jitter/socket_r6.pcapng,R6,222,2223.9787187576294,0.008,0.042,0.0,0.014,0.936,Socket
/home/lmy/iot-device-classification/dataset/socket/round6_jitter/socket_r6.pcapng,R6,223,2231.2551786899567,0.0,0.024,0.002,0.018,0.956,Socket
/home/lmy/iot-device-classification/dataset/socket/round6_jitter/socket_r6.pcapng,R6,224,2242.1427931785583,0.0,0.028,0.004,0.018,0.95,Socket
/home/lmy/iot-device-classification/dataset/socket/round6_jitter/socket_r6.pcapng,R6,225,2253.1053795814514,0.01,0.036,0.0,0.012,0.942,Socket
/home/lmy/iot-device-classification/dataset/socket/round6_jitter/socket_r6.pcapng,R6,226,2260.6095554828644,0.002,0.03,0.002,0.022,0.944,Socket
/home/lmy/iot-device-classification/dataset/socket/round6_jitter/socket_r6.pcapng,R6,227,2270.194107055664,0.0,0.014,0.002,0.012,0.972,Socket
/home/lmy/iot-device-classification/dataset/socket/round6_jitter/socket_r6.pcapng,R6,228,2282.236307382584,0.006,0.026,0.002,0.008,0.958,Socket
/home/lmy/iot-device-classification/dataset/socket/round6_jitter/socket_r6.pcapng,R6,229,2291.275337934494,0.0,0.026,0.002,0.018,0.954,Socket
/home/lmy/iot-device-classification/dataset/socket/round6_jitter/socket_r6.pcapng,R6,230,2301.3713121414185,0.0,0.02,0.002,0.018,0.96,Socket
/home/lmy/iot-device-classification/dataset/socket/round6_jitter/socket_r6.pcapng,R6,231,2310.514281988144,0.006,0.026,0.002,0.01,0.956,Socket
/home/lmy/iot-device-classification/dataset/socket/round6_jitter/socket_r6.pcapng,R6,232,2320.50652384758,0.0,0.024,0.002,0.018,0.956,Socket
/home/lmy/iot-device-classification/dataset/socket/round6_jitter/socket_r6.pcapng,R6,233,2330.2473118305206,0.0,0.026,0.002,0.018,0.954,Socket
/home/lmy/iot-device-classification/dataset/socket/round6_jitter/socket_r6.pcapng,R6,234,2342.61257481575,0.006,0.028,0.002,0.012,0.952,Socket
/home/lmy/iot-device-classification/dataset/socket/round6_jitter/socket_r6.pcapng,R6,235,2350.1497225761414,0.0,0.03,0.002,0.018,0.95,Socket
/home/lmy/iot-device-classification/dataset/socket/round6_jitter/socket_r6.pcapng,R6,236,2360.621818780899,0.01,0.042,0.014,0.046,0.888,Socket
/home/lmy/iot-device-classification/dataset/socket/round6_jitter/socket_r6.pcapng,R6,237,2372.868229150772,0.01,0.04,0.0,0.016,0.934,Socket
/home/lmy/iot-device-classification/dataset/socket/round6_jitter/socket_r6.pcapng,R6,238,2381.9375751018524,0.0,0.024,0.002,0.016,0.958,Socket
/home/lmy/iot-device-classification/dataset/socket/round6_jitter/socket_r6.pcapng,R6,239,2394.901705503464,0.0,0.03,0.002,0.018,0.95,Socket
/home/lmy/iot-device-classification/dataset/socket/round6_jitter/socket_r6.pcapng,R6,240,2401.86956357956,0.006,0.056,0.0,0.014,0.924,Socket
/home/lmy/iot-device-classification/dataset/socket/round6_jitter/socket_r6.pcapng,R6,241,2413.8306019306183,0.0,0.026,0.002,0.018,0.954,Socket
/home/lmy/iot-device-classification/dataset/socket/round6_jitter/socket_r6.pcapng,R6,242,2422.501927375793,0.004,0.014,0.0,0.016,0.966,Socket
/home/lmy/iot-device-classification/dataset/socket/round6_jitter/socket_r6.pcapng,R6,243,2431.1703610420227,0.002,0.014,0.0,0.01,0.974,Socket
/home/lmy/iot-device-classification/dataset/socket/round6_jitter/socket_r6.pcapng,R6,244,2442.0726590156555,0.0,0.026,0.006,0.02,0.948,Socket
/home/lmy/iot-device-classification/dataset/socket/round6_jitter/socket_r6.pcapng,R6,245,2455.081264257431,0.002,0.028,0.01,0.03,0.93,Socket
/home/lmy/iot-device-classification/dataset/socket/round6_jitter/socket_r6.pcapng,R6,246,2461.281366586685,0.006,0.034,0.0,0.014,0.946,Socket
/home/lmy/iot-device-classification/dataset/socket/round6_jitter/socket_r6.pcapng,R6,247,2475.368329524994,0.0,0.03,0.0,0.016,0.954,Socket
/home/lmy/iot-device-classification/dataset/socket/round6_jitter/socket_r6.pcapng,R6,248,2480.4154205322266,0.0,0.04,0.006,0.016,0.938,Socket
/home/lmy/iot-device-classification/dataset/socket/round6_jitter/socket_r6.pcapng,R6,249,2493.6832637786865,0.008,0.092,0.004,0.016,0.88,Socket
/home/lmy/iot-device-classification/dataset/socket/round6_jitter/socket_r6.pcapng,R6,250,2501.4984850883484,0.0,0.02,0.0,0.008,0.972,Socket
/home/lmy/iot-device-classification/dataset/socket/round6_jitter/socket_r6.pcapng,R6,251,2511.673397541046,0.0,0.03,0.002,0.018,0.95,Socket
/home/lmy/iot-device-classification/dataset/socket/round6_jitter/socket_r6.pcapng,R6,252,2520.4407370090485,0.008,0.026,0.002,0.012,0.952,Socket
/home/lmy/iot-device-classification/dataset/socket/round6_jitter/socket_r6.pcapng,R6,253,2530.012689113617,0.002,0.012,0.002,0.02,0.964,Socket
/home/lmy/iot-device-classification/dataset/socket/round6_jitter/socket_r6.pcapng,R6,254,2540.0354878902435,0.0,0.01,0.0,0.006,0.984,Socket
/home/lmy/iot-device-classification/dataset/socket/round6_jitter/socket_r6.pcapng,R6,255,2552.0156989097595,0.002,0.018,0.0,0.014,0.966,Socket
/home/lmy/iot-device-classification/dataset/socket/round6_jitter/socket_r6.pcapng,R6,256,2560.737420320511,0.0,0.012,0.0,0.016,0.972,Socket
/home/lmy/iot-device-classification/dataset/socket/round6_jitter/socket_r6.pcapng,R6,257,2571.999304294586,0.0,0.016,0.0,0.014,0.97,Socket
/home/lmy/iot-device-classification/dataset/socket/round6_jitter/socket_r6.pcapng,R6,258,2580.019119501114,0.004,0.038,0.0,0.012,0.946,Socket
/home/lmy/iot-device-classification/dataset/socket/round6_jitter/socket_r6.pcapng,R6,259,2591.953994512558,0.002,0.034,0.004,0.03,0.93,Socket
/home/lmy/iot-device-classification/dataset/socket/round6_jitter/socket_r6.pcapng,R6,260,2600.903935432434,0.0,0.022,0.004,0.018,0.956,Socket
/home/lmy/iot-device-classification/dataset/socket/round6_jitter/socket_r6.pcapng,R6,261,2615.034990310669,0.006,0.06,0.0,0.012,0.922,Socket
/home/lmy/iot-device-classification/dataset/socket/round6_jitter/socket_r6.pcapng,R6,262,2623.6467027664185,0.0,0.034,0.006,0.02,0.94,Socket
/home/lmy/iot-device-classification/dataset/socket/round6_jitter/socket_r6.pcapng,R6,263,2630.253290176392,0.0,0.02,0.002,0.016,0.962,Socket
/home/lmy/iot-device-classification/dataset/socket/round6_jitter/socket_r6.pcapng,R6,264,2642.984469652176,0.002,0.014,0.0,0.01,0.974,Socket
/home/lmy/iot-device-classification/dataset/socket/round6_jitter/socket_r6.pcapng,R6,265,2652.024703979492,0.004,0.038,0.01,0.032,0.916,Socket
/home/lmy/iot-device-classification/dataset/socket/round6_jitter/socket_r6.pcapng,R6,266,2663.978270292282,0.0,0.026,0.0,0.018,0.956,Socket
/home/lmy/iot-device-classification/dataset/socket/round6_jitter/socket_r6.pcapng,R6,267,2673.867854118347,0.01,0.04,0.0,0.016,0.934,Socket
/home/lmy/iot-device-classification/dataset/socket/round6_jitter/socket_r6.pcapng,R6,268,2680.0795023441315,0.0,0.022,0.0,0.016,0.962,Socket
/home/lmy/iot-device-classification/dataset/socket/round6_jitter/socket_r6.pcapng,R6,269,2690.195016622544,0.002,0.016,0.0,0.008,0.974,Socket
/home/lmy/iot-device-classification/dataset/socket/round6_jitter/socket_r6.pcapng,R6,270,2701.047030687332,0.008,0.044,0.0,0.02,0.928,Socket
/home/lmy/iot-device-classification/dataset/socket/round6_jitter/socket_r6.pcapng,R6,271,2711.820224761963,0.002,0.016,0.0,0.008,0.974,Socket
/home/lmy/iot-device-classification/dataset/socket/round6_jitter/socket_r6.pcapng,R6,272,2720.149296760559,0.0,0.024,0.002,0.018,0.956,Socket
/home/lmy/iot-device-classification/dataset/socket/round6_jitter/socket_r6.pcapng,R6,273,2732.316071033478,0.006,0.034,0.0,0.014,0.946,Socket
/home/lmy/iot-device-classification/dataset/socket/round6_jitter/socket_r6.pcapng,R6,274,2741.050407409668,0.0,0.016,0.002,0.012,0.97,Socket
/home/lmy/iot-device-classification/dataset/socket/round6_jitter/socket_r6.pcapng,R6,275,2752.988216161728,0.004,0.026,0.002,0.012,0.956,Socket
/home/lmy/iot-device-classification/dataset/socket/round6_jitter/socket_r6.pcapng,R6,276,2760.0286695957184,0.002,0.038,0.0,0.014,0.946,Socket
/home/lmy/iot-device-classification/dataset/socket/round6_jitter/socket_r6.pcapng,R6,277,2770.486014127732,0.0,0.014,0.0,0.008,0.978,Socket
/home/lmy/iot-device-classification/dataset/socket/round6_jitter/socket_r6.pcapng,R6,278,2780.416580915451,0.0,0.03,0.002,0.024,0.944,Socket
/home/lmy/iot-device-classification/dataset/socket/round6_jitter/socket_r6.pcapng,R6,279,2790.207859992981,0.006,0.036,0.0,0.012,0.946,Socket
/home/lmy/iot-device-classification/dataset/socket/round6_jitter/socket_r6.pcapng,R6,280,2803.3056423664093,0.002,0.016,0.002,0.012,0.968,Socket
/home/lmy/iot-device-classification/dataset/socket/round6_jitter/socket_r6.pcapng,R6,281,2813.3977506160736,0.0,0.024,0.002,0.018,0.956,Socket
/home/lmy/iot-device-classification/dataset/socket/round6_jitter/socket_r6.pcapng,R6,282,2820.3902077674866,0.006,0.03,0.0,0.01,0.954,Socket
/home/lmy/iot-device-classification/dataset/socket/round6_jitter/socket_r6.pcapng,R6,283,2831.621425151825,0.0,0.01,0.002,0.012,0.976,Socket
/home/lmy/iot-device-classification/dataset/socket/round6_jitter/socket_r6.pcapng,R6,284,2840.3277611732483,0.0,0.026,0.002,0.018,0.954,Socket
/home/lmy/iot-device-classification/dataset/socket/round6_jitter/socket_r6.pcapng,R6,285,2851.168807029724,0.008,0.034,0.0,0.014,0.944,Socket
/home/lmy/iot-device-classification/dataset/socket/round6_jitter/socket_r6.pcapng,R6,286,2860.861354351044,0.0,0.022,0.002,0.014,0.962,Socket
/home/lmy/iot-device-classification/dataset/socket/round6_jitter/socket_r6.pcapng,R6,287,2872.9281272888184,0.0,0.02,0.002,0.018,0.96,Socket
/home/lmy/iot-device-classification/dataset/socket/round6_jitter/socket_r6.pcapng,R6,288,2882.699449777603,0.008,0.036,0.0,0.012,0.944,Socket
/home/lmy/iot-device-classification/dataset/socket/round6_jitter/socket_r6.pcapng,R6,289,2891.4398107528687,0.01,0.046,0.002,0.03,0.912,Socket
/home/lmy/iot-device-classification/dataset/socket/round6_jitter/socket_r6.pcapng,R6,290,2900.0996837615967,0.004,0.056,0.0,0.014,0.926,Socket
/home/lmy/iot-device-classification/dataset/socket/round6_jitter/socket_r6.pcapng,R6,291,2910.74605512619,0.006,0.028,0.0,0.006,0.96,Socket
/home/lmy/iot-device-classification/dataset/socket/round6_jitter/socket_r6.pcapng,R6,292,2922.9825010299683,0.0,0.02,0.002,0.012,0.966,Socket
/home/lmy/iot-device-classification/dataset/socket/round6_jitter/socket_r6.pcapng,R6,293,2930.5975391864777,0.002,0.062,0.01,0.028,0.898,Socket
/home/lmy/iot-device-classification/dataset/socket/round6_jitter/socket_r6.pcapng,R6,294,2943.154305458069,0.004,0.04,0.0,0.018,0.938,Socket
/home/lmy/iot-device-classification/dataset/socket/round6_jitter/socket_r6.pcapng,R6,295,2950.119986772537,0.0,0.016,0.002,0.014,0.968,Socket
/home/lmy/iot-device-classification/dataset/socket/round6_jitter/socket_r6.pcapng,R6,296,2964.250827789306,0.002,0.028,0.0,0.014,0.956,Socket
/home/lmy/iot-device-classification/dataset/socket/round6_jitter/socket_r6.pcapng,R6,297,2971.3602056503296,0.008,0.034,0.0,0.014,0.944,Socket
/home/lmy/iot-device-classification/dataset/socket/round6_jitter/socket_r6.pcapng,R6,298,2981.4262063503265,0.0,0.012,0.002,0.012,0.974,Socket
/home/lmy/iot-device-classification/dataset/socket/round6_jitter/socket_r6.pcapng,R6,299,2993.4642848968506,0.002,0.032,0.0,0.014,0.952,Socket
/home/lmy/iot-device-classification/dataset/socket/round6_jitter/socket_r6.pcapng,R6,300,3000.2130103111267,0.01,0.038,0.0,0.014,0.938,Socket
/home/lmy/iot-device-classification/dataset/socket/round6_jitter/socket_r6.pcapng,R6,301,3011.13063788414,0.0,0.024,0.002,0.018,0.956,Socket
/home/lmy/iot-device-classification/dataset/socket/round6_jitter/socket_r6.pcapng,R6,302,3022.59267616272,0.0,0.03,0.002,0.022,0.946,Socket
/home/lmy/iot-device-classification/dataset/socket/round6_jitter/socket_r6.pcapng,R6,303,3031.6330404281616,0.0,0.012,0.0,0.012,0.976,Socket
/home/lmy/iot-device-classification/dataset/socket/round6_jitter/socket_r6.pcapng,R6,304,3040.9074704647064,0.0,0.01,0.002,0.018,0.97,Socket
/home/lmy/iot-device-classification/dataset/socket/round6_jitter/socket_r6.pcapng,R6,305,3051.3302597999573,0.0,0.014,0.002,0.012,0.972,Socket
/home/lmy/iot-device-classification/dataset/socket/round6_jitter/socket_r6.pcapng,R6,306,3061.067989587784,0.002,0.018,0.0,0.012,0.968,Socket
/home/lmy/iot-device-classification/dataset/socket/round6_jitter/socket_r6.pcapng,R6,307,3070.045073032379,0.0,0.046,0.006,0.02,0.928,Socket
/home/lmy/iot-device-classification/dataset/socket/round6_jitter/socket_r6.pcapng,R6,308,3080.000191450119,0.0,0.02,0.002,0.016,0.962,Socket
/home/lmy/iot-device-classification/dataset/socket/round6_jitter/socket_r6.pcapng,R6,309,3090.196008205414,0.008,0.034,0.0,0.016,0.942,Socket
/home/lmy/iot-device-classification/dataset/socket/round6_jitter/socket_r6.pcapng,R6,310,3102.1351103782654,0.0,0.032,0.004,0.022,0.942,Socket
/home/lmy/iot-device-classification/dataset/socket/round6_jitter/socket_r6.pcapng,R6,311,3112.331611394882,0.002,0.02,0.002,0.02,0.956,Socket
/home/lmy/iot-device-classification/dataset/socket/round6_jitter/socket_r6.pcapng,R6,312,3121.274085998535,0.004,0.03,0.0,0.012,0.954,Socket
/home/lmy/iot-device-classification/dataset/socket/round6_jitter/socket_r6.pcapng,R6,313,3130.341603755951,0.002,0.014,0.002,0.018,0.964,Socket
/home/lmy/iot-device-classification/dataset/socket/round6_jitter/socket_r6.pcapng,R6,314,3140.6416466236115,0.002,0.034,0.002,0.022,0.94,Socket
/home/lmy/iot-device-classification/dataset/socket/round6_jitter/socket_r6.pcapng,R6,315,3151.423875808716,0.008,0.032,0.0,0.012,0.948,Socket
/home/lmy/iot-device-classification/dataset/socket/round6_jitter/socket_r6.pcapng,R6,316,3160.988565683365,0.0,0.016,0.002,0.018,0.964,Socket
/home/lmy/iot-device-classification/dataset/socket/round6_jitter/socket_r6.pcapng,R6,317,3172.2013506889343,0.002,0.012,0.0,0.008,0.978,Socket
/home/lmy/iot-device-classification/dataset/socket/round6_jitter/socket_r6.pcapng,R6,318,3183.0611979961395,0.002,0.094,0.008,0.018,0.878,Socket
/home/lmy/iot-device-classification/dataset/socket/round6_jitter/socket_r6.pcapng,R6,319,3190.0068287849426,0.0,0.024,0.0,0.016,0.96,Socket
/home/lmy/iot-device-classification/dataset/socket/round6_jitter/socket_r6.pcapng,R6,320,3200.1624870300293,0.0,0.042,0.006,0.016,0.936,Socket
/home/lmy/iot-device-classification/dataset/socket/round6_jitter/socket_r6.pcapng,R6,321,3210.0717527866364,0.002,0.012,0.0,0.012,0.974,Socket
/home/lmy/iot-device-classification/dataset/socket/round6_jitter/socket_r6.pcapng,R6,322,3222.200309753418,0.002,0.022,0.0,0.008,0.968,Socket
/home/lmy/iot-device-classification/dataset/socket/round6_jitter/socket_r6.pcapng,R6,323,3230.050258159637,0.0,0.02,0.002,0.018,0.96,Socket
/home/lmy/iot-device-classification/dataset/socket/round6_jitter/socket_r6.pcapng,R6,324,3240.699616193772,0.0,0.02,0.0,0.01,0.97,Socket
/home/lmy/iot-device-classification/dataset/socket/round6_jitter/socket_r6.pcapng,R6,325,3252.0469315052032,0.002,0.034,0.0,0.012,0.952,Socket
/home/lmy/iot-device-classification/dataset/socket/round6_jitter/socket_r6.pcapng,R6,326,3264.084447860718,0.0,0.052,0.004,0.018,0.926,Socket
/home/lmy/iot-device-classification/dataset/socket/round6_jitter/socket_r6.pcapng,R6,327,3271.129100561142,0.002,0.052,0.0,0.01,0.936,Socket
/home/lmy/iot-device-classification/dataset/socket/round6_jitter/socket_r6.pcapng,R6,328,3283.099036216736,0.004,0.026,0.008,0.032,0.93,Socket
/home/lmy/iot-device-classification/dataset/socket/round6_jitter/socket_r6.pcapng,R6,329,3290.348598241806,0.0,0.02,0.002,0.02,0.958,Socket
/home/lmy/iot-device-classification/dataset/socket/round6_jitter/socket_r6.pcapng,R6,330,3304.869758605957,0.014,0.084,0.002,0.02,0.88,Socket
/home/lmy/iot-device-classification/dataset/socket/round6_jitter/socket_r6.pcapng,R6,331,3311.46012544632,0.0,0.014,0.002,0.012,0.972,Socket
/home/lmy/iot-device-classification/dataset/socket/round6_jitter/socket_r6.pcapng,R6,332,3320.366556406021,0.0,0.014,0.0,0.008,0.978,Socket
/home/lmy/iot-device-classification/dataset/socket/round6_jitter/socket_r6.pcapng,R6,333,3334.48432469368,0.002,0.02,0.0,0.012,0.966,Socket
/home/lmy/iot-device-classification/dataset/socket/round6_jitter/socket_r6.pcapng,R6,334,3340.841201543808,0.0,0.05,0.0,0.01,0.94,Socket
/home/lmy/iot-device-classification/dataset/socket/round6_jitter/socket_r6.pcapng,R6,335,3350.631399869919,0.0,0.026,0.002,0.018,0.954,Socket
/home/lmy/iot-device-classification/dataset/socket/round6_jitter/socket_r6.pcapng,R6,336,3362.573426961899,0.0,0.014,0.0,0.01,0.976,Socket
/home/lmy/iot-device-classification/dataset/socket/round6_jitter/socket_r6.pcapng,R6,337,3370.188946247101,0.002,0.012,0.0,0.008,0.978,Socket
/home/lmy/iot-device-classification/dataset/socket/round6_jitter/socket_r6.pcapng,R6,338,3383.200464963913,0.0,0.02,0.002,0.018,0.96,Socket
/home/lmy/iot-device-classification/dataset/socket/round6_jitter/socket_r6.pcapng,R6,339,3392.993989944458,0.006,0.06,0.0,0.012,0.922,Socket
/home/lmy/iot-device-classification/dataset/socket/round6_jitter/socket_r6.pcapng,R6,340,3400.591156244278,0.0,0.014,0.002,0.012,0.972,Socket
/home/lmy/iot-device-classification/dataset/socket/round6_jitter/socket_r6.pcapng,R6,341,3412.973635911941,0.002,0.018,0.0,0.006,0.974,Socket
/home/lmy/iot-device-classification/dataset/socket/round6_jitter/socket_r6.pcapng,R6,342,3420.193534612656,0.006,0.038,0.0,0.014,0.942,Socket
/home/lmy/iot-device-classification/dataset/socket/round6_jitter/socket_r6.pcapng,R6,343,3430.7767555713654,0.0,0.024,0.002,0.016,0.958,Socket
/home/lmy/iot-device-classification/dataset/socket/round6_jitter/socket_r6.pcapng,R6,344,3440.8306410312653,0.004,0.034,0.004,0.024,0.934,Socket
/home/lmy/iot-device-classification/dataset/socket/round6_jitter/socket_r6.pcapng,R6,345,3456.1902918815613,0.008,0.036,0.0,0.012,0.944,Socket
/home/lmy/iot-device-classification/dataset/socket/round6_jitter/socket_r6.pcapng,R6,346,3460.2814025878906,0.002,0.024,0.002,0.02,0.952,Socket
/home/lmy/iot-device-classification/dataset/socket/round6_jitter/socket_r6.pcapng,R6,347,3473.4909479618077,0.0,0.014,0.002,0.014,0.97,Socket
/home/lmy/iot-device-classification/dataset/socket/round6_jitter/socket_r6.pcapng,R6,348,3482.293174266815,0.0,0.06,0.0,0.008,0.932,Socket
/home/lmy/iot-device-classification/dataset/socket/round6_jitter/socket_r6.pcapng,R6,349,3494.24488902092,0.0,0.03,0.0,0.018,0.952,Socket
/home/lmy/iot-device-classification/dataset/socket/round6_jitter/socket_r6.pcapng,R6,350,3502.949610710144,0.008,0.024,0.01,0.04,0.918,Socket
/home/lmy/iot-device-classification/dataset/socket/round6_jitter/socket_r6.pcapng,R6,351,3510.4235730171204,0.004,0.024,0.0,0.01,0.962,Socket
/home/lmy/iot-device-classification/dataset/socket/round6_jitter/socket_r6.pcapng,R6,352,3523.589907169342,0.0,0.012,0.002,0.016,0.97,Socket
/home/lmy/iot-device-classification/dataset/socket/round6_jitter/socket_r6.pcapng,R6,353,3530.080113887787,0.0,0.026,0.002,0.018,0.954,Socket
/home/lmy/iot-device-classification/dataset/socket/round6_jitter/socket_r6.pcapng,R6,354,3540.070274591446,0.01,0.03,0.0,0.012,0.948,Socket
/home/lmy/iot-device-classification/dataset/socket/round6_jitter/socket_r6.pcapng,R6,355,3553.742007493973,0.0,0.026,0.0,0.016,0.958,Socket
/home/lmy/iot-device-classification/dataset/socket/round6_jitter/socket_r6.pcapng,R6,356,3560.5609498023987,0.014,0.038,0.016,0.046,0.886,Socket
/home/lmy/iot-device-classification/dataset/socket/round6_jitter/socket_r6.pcapng,R6,357,3574.7007281780243,0.0,0.022,0.0,0.02,0.958,Socket
/home/lmy/iot-device-classification/dataset/socket/round6_jitter/socket_r6.pcapng,R6,358,3581.8482115268707,0.0,0.016,0.002,0.014,0.968,Socket
/home/lmy/iot-device-classification/dataset/socket/round6_jitter/socket_r6.pcapng,R6,359,3590.989180326462,0.002,0.038,0.004,0.024,0.932,Socket
/home/lmy/iot-device-classification/dataset/socket/round6_jitter/socket_r6.pcapng,R6,360,3603.951704978943,0.002,0.02,0.0,0.014,0.964,Socket
/home/lmy/iot-device-classification/dataset/socket/round6_jitter/socket_r6.pcapng,R6,361,3610.664705038071,0.002,0.026,0.002,0.024,0.946,Socket
/home/lmy/iot-device-classification/dataset/socket/round6_jitter/socket_r6.pcapng,R6,362,3622.16638469696,0.002,0.014,0.0,0.006,0.978,Socket
/home/lmy/iot-device-classification/dataset/socket/round6_jitter/socket_r6.pcapng,R6,363,3630.218469381333,0.004,0.124,0.02,0.022,0.83,Socket
/home/lmy/iot-device-classification/dataset/socket/round6_jitter/socket_r6.pcapng,R6,364,3640.090710163117,0.0,0.012,0.002,0.018,0.968,Socket
/home/lmy/iot-device-classification/dataset/socket/round6_jitter/socket_r6.pcapng,R6,365,3650.373628139496,0.0,0.012,0.002,0.016,0.97,Socket
/home/lmy/iot-device-classification/dataset/socket/round6_jitter/socket_r6.pcapng,R6,366,3661.821641921997,0.006,0.03,0.0,0.01,0.954,Socket
/home/lmy/iot-device-classification/dataset/socket/round6_jitter/socket_r6.pcapng,R6,367,3670.5518782138815,0.0,0.024,0.004,0.018,0.954,Socket
/home/lmy/iot-device-classification/dataset/socket/round6_jitter/socket_r6.pcapng,R6,368,3683.56081032753,0.0,0.032,0.002,0.018,0.948,Socket
/home/lmy/iot-device-classification/dataset/socket/round6_jitter/socket_r6.pcapng,R6,369,3690.101362705231,0.0,0.014,0.0,0.012,0.974,Socket
/home/lmy/iot-device-classification/dataset/socket/round6_jitter/socket_r6.pcapng,R6,370,3703.140491008759,0.0,0.026,0.002,0.016,0.956,Socket
/home/lmy/iot-device-classification/dataset/socket/round6_jitter/socket_r6.pcapng,R6,371,3712.9214692115775,0.0,0.024,0.002,0.018,0.956,Socket
/home/lmy/iot-device-classification/dataset/socket/round6_jitter/socket_r6.pcapng,R6,372,3722.105692625046,0.004,0.032,0.0,0.012,0.952,Socket
/home/lmy/iot-device-classification/dataset/socket/round6_jitter/socket_r6.pcapng,R6,373,3731.866020679474,0.002,0.014,0.002,0.016,0.966,Socket
/home/lmy/iot-device-classification/dataset/socket/round6_jitter/socket_r6.pcapng,R6,374,3740.0151147842407,0.0,0.016,0.0,0.008,0.976,Socket
/home/lmy/iot-device-classification/dataset/socket/round6_jitter/socket_r6.pcapng,R6,375,3750.963224172592,0.006,0.042,0.0,0.014,0.938,Socket
/home/lmy/iot-device-classification/dataset/socket/round6_jitter/socket_r6.pcapng,R6,376,3760.7517187595367,0.0,0.022,0.002,0.016,0.96,Socket
/home/lmy/iot-device-classification/dataset/socket/round6_jitter/socket_r6.pcapng,R6,377,3770.0356497764583,0.0,0.014,0.002,0.012,0.972,Socket
/home/lmy/iot-device-classification/dataset/socket/round6_jitter/socket_r6.pcapng,R6,378,3780.030894756317,0.008,0.03,0.002,0.016,0.944,Socket
/home/lmy/iot-device-classification/dataset/socket/round6_jitter/socket_r6.pcapng,R6,379,3790.035832166672,0.0,0.008,0.002,0.014,0.976,Socket
/home/lmy/iot-device-classification/dataset/socket/round6_jitter/socket_r6.pcapng,R6,380,3800.021486759186,0.0,0.02,0.002,0.018,0.96,Socket
/home/lmy/iot-device-classification/dataset/socket/round6_jitter/socket_r6.pcapng,R6,381,3810.0409591197968,0.01,0.038,0.0,0.016,0.936,Socket
/home/lmy/iot-device-classification/dataset/socket/round6_jitter/socket_r6.pcapng,R6,382,3820.158444166184,0.0,0.018,0.002,0.014,0.966,Socket
/home/lmy/iot-device-classification/dataset/socket/round6_jitter/socket_r6.pcapng,R6,383,3830.0389482975006,0.0,0.032,0.0,0.016,0.952,Socket
/home/lmy/iot-device-classification/dataset/socket/round6_jitter/socket_r6.pcapng,R6,384,3840.026143312454,0.006,0.028,0.0,0.012,0.954,Socket
/home/lmy/iot-device-classification/dataset/socket/round6_jitter/socket_r6.pcapng,R6,385,3850.167872190476,0.0,0.008,0.006,0.012,0.974,Socket
/home/lmy/iot-device-classification/dataset/socket/round6_jitter/socket_r6.pcapng,R6,386,3860.160861968994,0.002,0.014,0.002,0.012,0.97,Socket
/home/lmy/iot-device-classification/dataset/socket/round6_jitter/socket_r6.pcapng,R6,387,3870.1516292095184,0.002,0.026,0.002,0.008,0.962,Socket
/home/lmy/iot-device-classification/dataset/socket/round6_jitter/socket_r6.pcapng,R6,388,3880.0411009788513,0.0,0.01,0.002,0.012,0.976,Socket
/home/lmy/iot-device-classification/dataset/socket/round6_jitter/socket_r6.pcapng,R6,389,3890.028934955597,0.004,0.032,0.004,0.018,0.942,Socket
/home/lmy/iot-device-classification/dataset/socket/round6_jitter/socket_r6.pcapng,R6,390,3900.021855592728,0.006,0.036,0.002,0.016,0.94,Socket
/home/lmy/iot-device-classification/dataset/socket/round6_jitter/socket_r6.pcapng,R6,391,3910.0346875190735,0.0,0.024,0.002,0.018,0.956,Socket
/home/lmy/iot-device-classification/dataset/socket/round6_jitter/socket_r6.pcapng,R6,392,3920.081949949265,0.002,0.036,0.002,0.012,0.948,Socket
/home/lmy/iot-device-classification/dataset/socket/round6_jitter/socket_r6.pcapng,R6,393,3930.175993442536,0.0,0.038,0.006,0.014,0.942,Socket
/home/lmy/iot-device-classification/dataset/socket/round6_jitter/socket_r6.pcapng,R6,394,3940.1371982097626,0.02,0.062,0.006,0.044,0.868,Socket
